3 0.6697916666666667 0.6907114624505929 0.0359375 0.09090909090909091
4 0.49270833333333336 0.9407114624505929 0.0203125 0.11561264822134387
3 0.6239583333333333 0.8972332015810277 0.03125 0.1274703557312253
4 0.3770833333333333 0.808300395256917 0.023958333333333335 0.11561264822134387
3 0.91875 0.9229249011857708 0.04114583333333333 0.13537549407114624
4 0.40260416666666665 0.8270750988142292 0.01875 0.11462450592885376
3 0.6364583333333333 0.6778656126482213 0.025520833333333333 0.09387351778656126
4 0.43645833333333334 0.7806324110671937 0.016145833333333335 0.11264822134387352
3 0.3932291666666667 0.6897233201581028 0.017708333333333333 0.10375494071146245
4 0.3458333333333333 0.7055335968379447 0.016145833333333335 0.0958498023715415
4 0.4041666666666667 0.7193675889328063 0.025 0.11166007905138339
4 0.3484375 0.7885375494071146 0.013541666666666667 0.11561264822134387
1 0.5375 0.8636363636363636 0.0078125 0.016798418972332016
0 0.42083333333333334 0.5800395256916996 0.005729166666666666 0.011857707509881422
0 0.8703125 0.4673913043478261 0.005208333333333333 0.009881422924901186
0 0.43645833333333334 0.49209486166007904 0.004166666666666667 0.009881422924901186
0 0.5427083333333333 0.4841897233201581 0.0046875 0.009881422924901186
0 0.63125 0.4782608695652174 0.0046875 0.009881422924901186
0 0.38229166666666664 0.4980237154150198 0.005729166666666666 0.009881422924901186