3 0.896875 0.7786561264822134 0.033854166666666664 0.10375494071146245
4 0.48541666666666666 0.9407114624505929 0.020833333333333332 0.11561264822134387
3 0.746875 0.7490118577075099 0.021354166666666667 0.10770750988142293
3 0.5364583333333334 0.7786561264822134 0.022916666666666665 0.11561264822134387
3 0.6166666666666667 0.6739130434782609 0.018229166666666668 0.09980237154150198
3 0.9 0.974308300395257 0.028645833333333332 0.04940711462450593
3 0.5869791666666667 0.6442687747035574 0.01875 0.08399209486166008
4 0.40572916666666664 0.8221343873517787 0.019791666666666666 0.11462450592885376
4 0.425 0.7806324110671937 0.024479166666666666 0.11363636363636363
4 0.3697916666666667 0.8142292490118577 0.023958333333333335 0.11166007905138339
3 0.9958333333333333 0.7806324110671937 0.0078125 0.11166007905138339
4 0.38333333333333336 0.6857707509881423 0.019791666666666666 0.10177865612648221
3 0.740625 0.9209486166007905 0.030729166666666665 0.1541501976284585
4 0.32916666666666666 0.717391304347826 0.016145833333333335 0.10474308300395258
1 0.5322916666666667 0.8656126482213439 0.008333333333333333 0.016798418972332016
4 0.34479166666666666 0.791501976284585 0.0171875 0.116600790513834
4 0.3770833333333333 0.733201581027668 0.0171875 0.09683794466403162
0 0.4171875 0.5830039525691699 0.005208333333333333 0.011857707509881422
2 0.6348958333333333 0.6758893280632411 0.008333333333333333 0.009881422924901186
0 0.8677083333333333 0.46936758893280633 0.004166666666666667 0.009881422924901186
0 0.6291666666666667 0.4792490118577075 0.0046875 0.009881422924901186
0 0.5416666666666666 0.4851778656126482 0.0036458333333333334 0.009881422924901186
0 0.3802083333333333 0.4990118577075099 0.005208333333333333 0.009881422924901186
0 0.4354166666666667 0.49407114624505927 0.0036458333333333334 0.008893280632411068