4 0.9479166666666666 0.8745059288537549 0.0359375 0.1422924901185771
3 0.3807291666666667 0.5602766798418972 0.021875 0.08399209486166008
3 0.8098958333333334 0.5632411067193676 0.027083333333333334 0.08992094861660078
3 0.5802083333333333 0.5474308300395256 0.0234375 0.08794466403162056
3 0.6854166666666667 0.5306324110671937 0.022395833333333334 0.08102766798418973
3 0.65 0.6739130434782609 0.033854166666666664 0.09486166007905138
3 0.6697916666666667 0.6541501976284585 0.0328125 0.09486166007905138
3 0.32916666666666666 0.5711462450592886 0.028645833333333332 0.07608695652173914
3 0.7411458333333333 0.508893280632411 0.022916666666666665 0.07707509881422925
3 0.24635416666666668 0.575098814229249 0.026041666666666668 0.07806324110671936
3 0.22291666666666668 0.5513833992094862 0.025 0.08399209486166008
3 0.14583333333333334 0.45948616600790515 0.018229166666666668 0.07114624505928854
3 0.37604166666666666 0.4723320158102767 0.0265625 0.06620553359683795
3 0.16666666666666666 0.45652173913043476 0.020833333333333332 0.06324110671936758
4 0.6302083333333334 0.3409090909090909 0.010416666666666666 0.044466403162055336
3 0.3645833333333333 0.45454545454545453 0.0171875 0.06620553359683795
4 0.38645833333333335 0.32806324110671936 0.0140625 0.042490118577075096
4 0.8854166666666666 0.35177865612648224 0.013020833333333334 0.04743083003952569
0 0.35104166666666664 0.3438735177865613 0.0046875 0.009881422924901186
4 0.76875 0.3409090909090909 0.0109375 0.04743083003952569
4 0.55 0.3231225296442688 0.009895833333333333 0.029644268774703556
4 0.9666666666666667 0.3557312252964427 0.0140625 0.04940711462450593
4 0.8604166666666667 0.34980237154150196 0.0109375 0.046442687747035576
4 0.921875 0.3359683794466403 0.011458333333333333 0.044466403162055336
0 0.178125 0.3339920948616601 0.0046875 0.008893280632411068
1 0.846875 0.8003952569169961 0.011979166666666667 0.012845849802371542
4 0.990625 0.3468379446640316 0.01875 0.041501976284584984
4 0.9416666666666667 0.3142292490118577 0.013020833333333334 0.036561264822134384
4 0.90625 0.35177865612648224 0.015625 0.05039525691699605
4 0.8447916666666667 0.34782608695652173 0.013020833333333334 0.04743083003952569
4 0.8302083333333333 0.33893280632411066 0.0109375 0.04940711462450593
4 0.9708333333333333 0.31225296442687744 0.0125 0.03458498023715415
2 0.36614583333333334 0.5899209486166008 0.0125 0.011857707509881422
4 0.5671875 0.33992094861660077 0.008854166666666666 0.042490118577075096
4 0.590625 0.34288537549407117 0.008333333333333333 0.041501976284584984
4 0.65625 0.3438735177865613 0.009895833333333333 0.042490118577075096
4 0.6734375 0.3448616600790514 0.009375 0.043478260869565216
4 0.6989583333333333 0.3458498023715415 0.009895833333333333 0.045454545454545456
4 0.7208333333333333 0.34782608695652173 0.008333333333333333 0.04743083003952569
4 0.7921875 0.3468379446640316 0.009375 0.045454545454545456
4 0.8963541666666667 0.35177865612648224 0.009375 0.04841897233201581