3 0.3104166666666667 0.6837944664031621 0.04010416666666667 0.10968379446640317
3 0.44583333333333336 0.6669960474308301 0.021875 0.11067193675889328
3 0.7515625 0.5869565217391305 0.021875 0.08695652173913043
3 0.715625 0.6225296442687747 0.021354166666666667 0.13043478260869565
4 0.8385416666666666 0.9426877470355731 0.030729166666666665 0.11166007905138339
3 0.47291666666666665 0.5 0.020833333333333332 0.08201581027667984
3 0.5776041666666667 0.6245059288537549 0.034375 0.10375494071146245
4 0.8020833333333334 0.9565217391304348 0.027083333333333334 0.08498023715415019
3 0.44479166666666664 0.4881422924901186 0.022395833333333334 0.07608695652173914
4 0.7328125 0.9762845849802372 0.034375 0.044466403162055336
3 0.5838541666666667 0.48023715415019763 0.026041666666666668 0.07806324110671936
3 0.5958333333333333 0.6047430830039525 0.028645833333333332 0.09782608695652174
3 0.7635416666666667 0.43478260869565216 0.019270833333333334 0.06422924901185771
3 0.6322916666666667 0.4535573122529644 0.026041666666666668 0.06521739130434782
3 0.7453125 0.4160079051383399 0.016666666666666666 0.06719367588932806
3 0.5755208333333334 0.4743083003952569 0.022916666666666665 0.07707509881422925
4 0.159375 0.3784584980237154 0.0125 0.05731225296442688
3 0.6427083333333333 0.43478260869565216 0.0171875 0.06620553359683795
4 0.253125 0.3725296442687747 0.0125 0.05138339920948617
4 0.042708333333333334 0.40118577075098816 0.013020833333333334 0.06225296442687747
1 0.734375 0.8715415019762845 0.011458333333333333 0.016798418972332016
4 0.007291666666666667 0.4061264822134387 0.014583333333333334 0.06521739130434782
4 0.13489583333333333 0.38735177865612647 0.0125 0.05731225296442688
0 0.5822916666666667 0.33201581027667987 0.0036458333333333334 0.008893280632411068
4 0.0640625 0.3824110671936759 0.015625 0.05928853754940711
4 0.37916666666666665 0.3290513833992095 0.011458333333333333 0.037549407114624504
0 0.8895833333333333 0.3448616600790514 0.0046875 0.010869565217391304
4 0.39479166666666665 0.34980237154150196 0.0109375 0.046442687747035576
4 0.3703125 0.3557312252964427 0.009375 0.039525691699604744
4 0.3421875 0.35968379446640314 0.009375 0.043478260869565216
4 0.32760416666666664 0.3577075098814229 0.008854166666666666 0.04940711462450593
4 0.3026041666666667 0.36363636363636365 0.009375 0.04841897233201581
4 0.28229166666666666 0.3685770750988142 0.0109375 0.04743083003952569
4 0.22916666666666666 0.37648221343873517 0.011458333333333333 0.0533596837944664
4 0.065625 0.39920948616600793 0.015104166666666667 0.05138339920948617