3 0.37552083333333336 0.7539525691699605 0.035416666666666666 0.10968379446640317
3 0.2520833333333333 0.7114624505928854 0.03125 0.09189723320158102
3 0.4630208333333333 0.7025691699604744 0.022916666666666665 0.09288537549407115
4 0.5760416666666667 0.941699604743083 0.026041666666666668 0.11462450592885376
3 0.20520833333333333 0.6324110671936759 0.01875 0.07312252964426877
4 0.6713541666666667 0.8320158102766798 0.019791666666666666 0.12154150197628459
3 0.4036458333333333 0.6541501976284585 0.021354166666666667 0.08498023715415019
4 0.7125 0.6976284584980237 0.021354166666666667 0.10177865612648221
4 0.7135416666666666 0.8221343873517787 0.0171875 0.1324110671936759
3 0.43125 0.6600790513833992 0.0203125 0.07114624505928854
3 0.23020833333333332 0.6610671936758893 0.026041666666666668 0.08201581027667984
3 0.37916666666666665 0.6897233201581028 0.025520833333333333 0.08794466403162056
1 0.54375 0.8626482213438735 0.009895833333333333 0.015810276679841896
4 0.6942708333333333 0.7420948616600791 0.015625 0.10869565217391304
0 0.10729166666666666 0.5059288537549407 0.005208333333333333 0.011857707509881422
0 0.25364583333333335 0.4624505928853755 0.0046875 0.009881422924901186
0 0.6807291666666667 0.5889328063241107 0.005208333333333333 0.012845849802371542
0 0.66875 0.5 0.0046875 0.009881422924901186
0 0.47291666666666665 0.4782608695652174 0.0046875 0.010869565217391304
0 0.5604166666666667 0.48616600790513836 0.0046875 0.008893280632411068
4 0.058854166666666666 0.5009881422924901 0.011979166666666667 0.05237154150197629
4 0.041666666666666664 0.48023715415019763 0.011979166666666667 0.03557312252964427
2 0.46458333333333335 0.6956521739130435 0.008333333333333333 0.017786561264822136
4 0.6791666666666667 0.7895256916996047 0.0203125 0.10869565217391304
4 0.7104166666666667 0.7302371541501976 0.0203125 0.09090909090909091
0 0.725 0.5079051383399209 0.004166666666666667 0.009881422924901186