3 0.4432291666666667 0.6393280632411067 0.036458333333333336 0.07707509881422925
3 0.5354166666666667 0.6847826086956522 0.0265625 0.08498023715415019
3 0.8197916666666667 0.5988142292490118 0.018229166666666668 0.07213438735177866
3 0.6510416666666666 0.6007905138339921 0.016145833333333335 0.07015810276679842
3 0.7484375 0.7371541501976284 0.033854166666666664 0.09090909090909091
3 0.7802083333333333 0.733201581027668 0.0328125 0.09288537549407115
3 0.5385416666666667 0.591897233201581 0.0140625 0.06324110671936758
3 0.7677083333333333 0.6057312252964426 0.0171875 0.06324110671936758
3 0.6984375 0.6462450592885376 0.017708333333333333 0.06422924901185771
4 0.071875 0.9762845849802372 0.029166666666666667 0.046442687747035576
3 0.584375 0.5830039525691699 0.015625 0.06027667984189723
3 0.5713541666666667 0.5849802371541502 0.014583333333333334 0.06422924901185771
3 0.7083333333333334 0.6126482213438735 0.015104166666666667 0.06225296442687747
3 0.73125 0.5780632411067194 0.016666666666666666 0.0691699604743083
3 0.7239583333333334 0.5790513833992095 0.015104166666666667 0.07015810276679842
0 0.9296875 0.733201581027668 0.007291666666666667 0.016798418972332016
0 0.5182291666666666 0.48616600790513836 0.005208333333333333 0.007905138339920948
0 0.9489583333333333 0.5563241106719368 0.005729166666666666 0.011857707509881422
0 0.8354166666666667 0.5177865612648221 0.0046875 0.009881422924901186
4 0.16197916666666667 0.5 0.009375 0.04743083003952569
4 0.31875 0.4743083003952569 0.011458333333333333 0.03359683794466403
0 0.20520833333333333 0.3922924901185771 0.0046875 0.011857707509881422
4 0.2546875 0.4901185770750988 0.0125 0.04940711462450593
4 0.23020833333333332 0.49209486166007904 0.013020833333333334 0.05039525691699605
0 0.28229166666666666 0.3942687747035573 0.0046875 0.01383399209486166
4 0.27291666666666664 0.49209486166007904 0.0125 0.045454545454545456
4 0.2947916666666667 0.4901185770750988 0.0109375 0.045454545454545456
2 0.7916666666666666 0.7035573122529645 0.011458333333333333 0.011857707509881422
4 0.484375 0.46936758893280633 0.0078125 0.041501976284584984
4 0.2 0.5049407114624506 0.008854166666666666 0.03557312252964427
4 0.18072916666666666 0.5029644268774703 0.009375 0.043478260869565216
4 0.1265625 0.5069169960474308 0.009375 0.04743083003952569
4 0.042708333333333334 0.5108695652173914 0.0109375 0.04940711462450593