3 0.35104166666666664 0.8369565217391305 0.04114583333333333 0.12055335968379446
3 0.85625 0.6225296442687747 0.021354166666666667 0.08399209486166008
3 0.4010416666666667 0.6610671936758893 0.0234375 0.08300395256916997
3 0.65625 0.6205533596837944 0.022916666666666665 0.07608695652173914
3 0.4890625 0.7144268774703557 0.0203125 0.10968379446640317
3 0.7359375 0.5928853754940712 0.023958333333333335 0.06719367588932806
3 0.5302083333333333 0.700592885375494 0.022916666666666665 0.08893280632411067
3 0.315625 0.8162055335968379 0.024479166666666666 0.10968379446640317
3 0.46458333333333335 0.8784584980237155 0.04635416666666667 0.11067193675889328
3 0.8114583333333333 0.5731225296442688 0.025 0.06620553359683795
3 0.45677083333333335 0.6798418972332015 0.023958333333333335 0.09387351778656126
3 0.42239583333333336 0.6284584980237155 0.027083333333333334 0.07608695652173914
3 0.4796875 0.6492094861660079 0.019791666666666666 0.08201581027667984
4 0.03854166666666667 0.525691699604743 0.014583333333333334 0.06225296442687747
4 0.09166666666666666 0.5128458498023716 0.015104166666666667 0.05533596837944664
3 0.46458333333333335 0.8843873517786561 0.0234375 0.1432806324110672
0 0.8979166666666667 0.5276679841897233 0.005729166666666666 0.009881422924901186
0 0.5166666666666667 0.49110671936758893 0.0046875 0.008893280632411068
4 0.17135416666666667 0.5079051383399209 0.0140625 0.05434782608695652
4 0.115625 0.5177865612648221 0.0109375 0.05138339920948617
4 0.1296875 0.5158102766798419 0.011979166666666667 0.05434782608695652
0 0.7036458333333333 0.46936758893280633 0.0046875 0.009881422924901186
4 0.2682291666666667 0.4950592885375494 0.009375 0.05039525691699605
4 0.013020833333333334 0.5306324110671937 0.019791666666666666 0.03162055335968379
4 0.19895833333333332 0.5098814229249012 0.0125 0.04940711462450593
4 0.475 0.47035573122529645 0.007291666666666667 0.044466403162055336
4 0.24947916666666667 0.5029644268774703 0.009375 0.05039525691699605
4 0.22395833333333334 0.5079051383399209 0.0109375 0.042490118577075096