3 0.3828125 0.6225296442687747 0.027083333333333334 0.08794466403162056
3 0.29791666666666666 0.5968379446640316 0.024479166666666666 0.08992094861660078
3 0.590625 0.599802371541502 0.025520833333333333 0.09288537549407115
3 0.6453125 0.5879446640316206 0.020833333333333332 0.08893280632411067
3 0.23854166666666668 0.5029644268774703 0.021354166666666667 0.06324110671936758
3 0.35260416666666666 0.6946640316205533 0.030208333333333334 0.1067193675889328
3 0.51875 0.6027667984189723 0.0203125 0.08695652173913043
3 0.3380208333333333 0.6007905138339921 0.022916666666666665 0.07806324110671936
3 0.25729166666666664 0.525691699604743 0.016666666666666666 0.06818181818181818
3 0.42083333333333334 0.5563241106719368 0.019270833333333334 0.07707509881422925
3 0.5692708333333333 0.5563241106719368 0.020833333333333332 0.08102766798418973
3 0.40260416666666665 0.599802371541502 0.017708333333333333 0.08300395256916997
3 0.5239583333333333 0.5701581027667985 0.022395833333333334 0.08102766798418973
4 0.7463541666666667 0.42292490118577075 0.009895833333333333 0.042490118577075096
4 0.8286458333333333 0.4278656126482213 0.0109375 0.05039525691699605
4 0.5125 0.3952569169960474 0.008854166666666666 0.046442687747035576
4 0.71875 0.4189723320158103 0.009895833333333333 0.044466403162055336
4 0.8489583333333334 0.4288537549407115 0.0109375 0.05039525691699605
4 0.9739583333333334 0.4318181818181818 0.0140625 0.05731225296442688
0 0.00625 0.6758893280632411 0.008333333333333333 0.017786561264822136
0 0.47604166666666664 0.41304347826086957 0.0046875 0.010869565217391304
0 0.30104166666666665 0.3932806324110672 0.0046875 0.009881422924901186
4 0.6984375 0.39920948616600793 0.0125 0.03458498023715415
4 0.9104166666666667 0.43478260869565216 0.0140625 0.05533596837944664
0 0.6692708333333334 0.30632411067193677 0.005208333333333333 0.014822134387351778
0 0.125 0.44466403162055335 0.005729166666666666 0.010869565217391304
3 0.35104166666666664 0.66600790513834 0.035416666666666666 0.09980237154150198
4 0.7942708333333334 0.42292490118577075 0.011979166666666667 0.05434782608695652
4 0.8822916666666667 0.4318181818181818 0.0140625 0.05434782608695652