3 0.4317708333333333 0.5543478260869565 0.026041666666666668 0.08498023715415019
3 0.5244791666666667 0.9426877470355731 0.029166666666666667 0.11166007905138339
3 0.640625 0.5711462450592886 0.028645833333333332 0.09189723320158102
3 0.346875 0.5217391304347826 0.027604166666666666 0.0741106719367589
3 0.6166666666666667 0.441699604743083 0.016145833333333335 0.07312252964426877
3 0.49166666666666664 0.48221343873517786 0.015625 0.07707509881422925
3 0.578125 0.5316205533596838 0.016145833333333335 0.08399209486166008
3 0.5895833333333333 0.4298418972332016 0.019270833333333334 0.0691699604743083
3 0.4354166666666667 0.4644268774703557 0.0140625 0.07213438735177866
3 0.746875 0.4525691699604743 0.021354166666666667 0.06324110671936758
3 0.39427083333333335 0.9703557312252964 0.035416666666666666 0.05632411067193676
3 0.696875 0.4199604743083004 0.0140625 0.06521739130434782
3 0.5760416666666667 0.6818181818181818 0.028645833333333332 0.11264822134387352
3 0.5854166666666667 0.6541501976284585 0.0265625 0.09387351778656126
3 0.7296875 0.4525691699604743 0.017708333333333333 0.06225296442687747
3 0.7052083333333333 0.40217391304347827 0.0140625 0.05533596837944664
3 0.471875 0.9515810276679841 0.028645833333333332 0.09486166007905138
4 0.0203125 0.3705533596837945 0.016666666666666666 0.05533596837944664
4 0.11458333333333333 0.3685770750988142 0.013541666666666667 0.05731225296442688
4 0.08541666666666667 0.3774703557312253 0.013020833333333334 0.05731225296442688
0 0.975 0.36561264822134387 0.005729166666666666 0.01383399209486166
0 0.55 0.3300395256916996 0.004166666666666667 0.010869565217391304
4 0.35052083333333334 0.3438735177865613 0.00625 0.043478260869565216
4 0.015625 0.38537549407114624 0.0171875 0.06324110671936758
1 0.503125 0.8636363636363636 0.016145833333333335 0.019762845849802372
0 0.8588541666666667 0.34189723320158105 0.004166666666666667 0.010869565217391304
4 0.5182291666666666 0.31521739130434784 0.008333333333333333 0.040513833992094864
4 0.3458333333333333 0.32608695652173914 0.0078125 0.02865612648221344
4 0.3265625 0.35079051383399207 0.0078125 0.042490118577075096
4 0.29583333333333334 0.35375494071146246 0.009375 0.043478260869565216
4 0.28229166666666666 0.35079051383399207 0.009375 0.04940711462450593
4 0.2552083333333333 0.35968379446640314 0.008854166666666666 0.045454545454545456
4 0.23333333333333334 0.3616600790513834 0.009895833333333333 0.044466403162055336
4 0.20572916666666666 0.36561264822134387 0.011458333333333333 0.04940711462450593
4 0.18020833333333333 0.3695652173913043 0.009895833333333333 0.05237154150197629