3 0.5114583333333333 0.7203557312252964 0.025 0.1067193675889328
3 0.2677083333333333 0.567193675889328 0.027604166666666666 0.0691699604743083
3 0.42083333333333334 0.5691699604743083 0.028645833333333332 0.08794466403162056
3 0.46458333333333335 0.5849802371541502 0.018229166666666668 0.09387351778656126
3 0.6072916666666667 0.48023715415019763 0.016145833333333335 0.0741106719367589
3 0.6635416666666667 0.4762845849802372 0.015625 0.07905138339920949
3 0.7270833333333333 0.4762845849802372 0.015104166666666667 0.07312252964426877
3 0.6364583333333333 0.4199604743083004 0.0140625 0.06324110671936758
3 0.38229166666666664 0.5177865612648221 0.027604166666666666 0.08300395256916997
3 0.721875 0.4150197628458498 0.017708333333333333 0.05632411067193676
3 0.7177083333333333 0.49209486166007904 0.01875 0.0741106719367589
3 0.6895833333333333 0.43280632411067194 0.0109375 0.06818181818181818
4 0.2864583333333333 0.3794466403162055 0.011458333333333333 0.0533596837944664
1 0.95625 0.8003952569169961 0.0109375 0.016798418972332016
4 0.13489583333333333 0.40711462450592883 0.013541666666666667 0.05928853754940711
4 0.1125 0.4199604743083004 0.013020833333333334 0.05928853754940711
4 0.21666666666666667 0.39920948616600793 0.009895833333333333 0.05632411067193676
0 0.5385416666666667 0.33201581027667987 0.0036458333333333334 0.007905138339920948
0 0.9177083333333333 0.34189723320158105 0.004166666666666667 0.007905138339920948
4 0.340625 0.33992094861660077 0.011979166666666667 0.030632411067193676
0 0.8130208333333333 0.32707509881422925 0.004166666666666667 0.007905138339920948
3 0.6796875 0.4199604743083004 0.01875 0.04841897233201581
4 0.5083333333333333 0.3191699604743083 0.008333333333333333 0.038537549407114624
4 0.371875 0.35968379446640314 0.010416666666666666 0.045454545454545456
4 0.3515625 0.366600790513834 0.008333333333333333 0.040513833992094864
4 0.32447916666666665 0.3725296442687747 0.008333333333333333 0.046442687747035576
4 0.30833333333333335 0.3725296442687747 0.009895833333333333 0.05138339920948617
4 0.2671875 0.38537549407114624 0.009895833333333333 0.04841897233201581
4 0.23802083333333332 0.3922924901185771 0.0125 0.05632411067193676
4 0.010416666666666666 0.44466403162055335 0.009895833333333333 0.06324110671936758
4 0.0359375 0.43774703557312256 0.0171875 0.06027667984189723
3 0.38125 0.5098814229249012 0.0125 0.07509881422924901