3 0.6171875 0.6225296442687747 0.027083333333333334 0.08794466403162056
3 0.7020833333333333 0.5968379446640316 0.024479166666666666 0.08992094861660078
3 0.409375 0.599802371541502 0.025520833333333333 0.09288537549407115
3 0.3546875 0.5879446640316206 0.020833333333333332 0.08893280632411067
3 0.7614583333333333 0.5029644268774703 0.021354166666666667 0.06324110671936758
3 0.6473958333333333 0.6946640316205533 0.030208333333333334 0.1067193675889328
3 0.48125 0.6027667984189723 0.0203125 0.08695652173913043
3 0.6619791666666667 0.6007905138339921 0.022916666666666665 0.07806324110671936
3 0.7427083333333333 0.525691699604743 0.016666666666666666 0.06818181818181818
3 0.5791666666666667 0.5563241106719368 0.019270833333333334 0.07707509881422925
3 0.43072916666666666 0.5563241106719368 0.020833333333333332 0.08102766798418973
3 0.5973958333333333 0.599802371541502 0.017708333333333333 0.08300395256916997
3 0.47604166666666664 0.5701581027667985 0.022395833333333334 0.08102766798418973
4 0.25364583333333335 0.42292490118577075 0.009895833333333333 0.042490118577075096
4 0.17135416666666667 0.4278656126482213 0.0109375 0.05039525691699605
4 0.4875 0.3952569169960474 0.008854166666666666 0.046442687747035576
4 0.28125 0.4189723320158103 0.009895833333333333 0.044466403162055336
4 0.15104166666666666 0.4288537549407115 0.0109375 0.05039525691699605
4 0.026041666666666668 0.4318181818181818 0.0140625 0.05731225296442688
0 0.99375 0.6758893280632411 0.008333333333333333 0.017786561264822136
0 0.5239583333333333 0.41304347826086957 0.0046875 0.010869565217391304
0 0.6989583333333333 0.3932806324110672 0.0046875 0.009881422924901186
4 0.3015625 0.39920948616600793 0.0125 0.03458498023715415
4 0.08958333333333333 0.43478260869565216 0.0140625 0.05533596837944664
0 0.3307291666666667 0.30632411067193677 0.005208333333333333 0.014822134387351778
0 0.875 0.44466403162055335 0.005729166666666666 0.010869565217391304
3 0.6489583333333333 0.66600790513834 0.035416666666666666 0.09980237154150198
4 0.20572916666666666 0.42292490118577075 0.011979166666666667 0.05434782608695652
4 0.11770833333333333 0.4318181818181818 0.0140625 0.05434782608695652