3 0.6614583333333334 0.8399209486166008 0.028645833333333332 0.12055335968379446
3 0.19895833333333332 0.8241106719367589 0.04635416666666667 0.11956521739130435
3 0.8213541666666667 0.6442687747035574 0.022916666666666665 0.08498023715415019
3 0.5791666666666667 0.8814229249011858 0.03177083333333333 0.1432806324110672
3 0.9489583333333333 0.7065217391304348 0.026041666666666668 0.10474308300395258
3 0.9885416666666667 0.6432806324110671 0.021875 0.08498023715415019
3 0.42604166666666665 0.7737154150197628 0.03125 0.1225296442687747
3 0.1375 0.782608695652174 0.0390625 0.10276679841897234
3 0.41770833333333335 0.6442687747035574 0.0203125 0.0741106719367589
3 0.4625 0.7786561264822134 0.025520833333333333 0.11363636363636363
3 0.46458333333333335 0.6986166007905138 0.029166666666666667 0.09090909090909091
3 0.446875 0.633399209486166 0.026041666666666668 0.07509881422924901
3 0.46875 0.6462450592885376 0.024479166666666666 0.07707509881422925
0 0.8442708333333333 0.5098814229249012 0.00625 0.010869565217391304
4 0.5927083333333333 0.46936758893280633 0.009895833333333333 0.03162055335968379
4 0.18229166666666666 0.4308300395256917 0.008333333333333333 0.041501976284584984
4 0.2828125 0.466403162055336 0.014583333333333334 0.04841897233201581
4 0.19895833333333332 0.4772727272727273 0.011979166666666667 0.05138339920948617
4 0.14947916666666666 0.4792490118577075 0.009895833333333333 0.04743083003952569
4 0.2140625 0.4772727272727273 0.010416666666666666 0.05039525691699605
2 0.5875 0.8695652173913043 0.013541666666666667 0.025691699604743084
4 0.7958333333333333 0.4841897233201581 0.008854166666666666 0.045454545454545456
4 0.5572916666666666 0.4871541501976285 0.008854166666666666 0.046442687747035576
4 0.5421875 0.4772727272727273 0.0125 0.046442687747035576
4 0.5338541666666666 0.4901185770750988 0.009375 0.040513833992094864
4 0.5145833333333333 0.4871541501976285 0.0109375 0.045454545454545456
4 0.49114583333333334 0.48320158102766797 0.013541666666666667 0.05138339920948617
4 0.45677083333333335 0.4851778656126482 0.0109375 0.046442687747035576
4 0.44166666666666665 0.48616600790513836 0.008854166666666666 0.045454545454545456
4 0.4296875 0.4792490118577075 0.010416666666666666 0.04841897233201581
4 0.3880208333333333 0.4841897233201581 0.008333333333333333 0.05138339920948617
4 0.3489583333333333 0.48320158102766797 0.008333333333333333 0.04841897233201581
4 0.2640625 0.4782608695652174 0.009895833333333333 0.04940711462450593
4 0.24895833333333334 0.4792490118577075 0.008333333333333333 0.04743083003952569
4 0.22708333333333333 0.4772727272727273 0.009375 0.04841897233201581