3 0.18854166666666666 0.758893280632411 0.03177083333333333 0.10177865612648221
3 0.296875 0.741106719367589 0.028125 0.09782608695652174
3 0.7932291666666667 0.7015810276679841 0.035416666666666666 0.08498023715415019
3 0.5291666666666667 0.7134387351778656 0.027083333333333334 0.08596837944664032
3 0.5671875 0.6976284584980237 0.019791666666666666 0.08498023715415019
3 0.746875 0.58399209486166 0.0171875 0.07905138339920949
3 0.46770833333333334 0.9110671936758893 0.0453125 0.13339920948616601
3 0.6067708333333334 0.5592885375494071 0.016666666666666666 0.06818181818181818
3 0.7026041666666667 0.5780632411067194 0.014583333333333334 0.07114624505928854
3 0.8234375 0.674901185770751 0.03229166666666667 0.08695652173913043
3 0.490625 0.9219367588932806 0.0390625 0.1383399209486166
3 0.790625 0.567193675889328 0.013020833333333334 0.0741106719367589
3 0.63125 0.549407114624506 0.011979166666666667 0.06324110671936758
3 0.7244791666666667 0.541501976284585 0.013541666666666667 0.06521739130434782
4 0.005208333333333333 0.5563241106719368 0.010416666666666666 0.0691699604743083
4 0.284375 0.5039525691699605 0.011458333333333333 0.05434782608695652
4 0.0921875 0.5454545454545454 0.015625 0.06521739130434782
4 0.1859375 0.5316205533596838 0.011458333333333333 0.0533596837944664
4 0.03125 0.5622529644268774 0.015625 0.06126482213438735
4 0.4005208333333333 0.4762845849802372 0.010416666666666666 0.04841897233201581
0 0.9213541666666667 0.5177865612648221 0.005208333333333333 0.010869565217391304
0 0.44166666666666665 0.49407114624505927 0.0046875 0.008893280632411068
4 0.15729166666666666 0.5375494071146245 0.013541666666666667 0.05237154150197629
4 0.18125 0.5019762845849802 0.009895833333333333 0.03359683794466403
4 0.05572916666666667 0.5681818181818182 0.013541666666666667 0.039525691699604744
4 0.13020833333333334 0.5424901185770751 0.014583333333333334 0.05533596837944664
0 0.7932291666666667 0.49308300395256915 0.0046875 0.008893280632411068