3 0.6770833333333334 0.6996047430830039 0.028125 0.11264822134387352
3 0.6932291666666667 0.567193675889328 0.022916666666666665 0.07707509881422925
3 0.32395833333333335 0.49604743083003955 0.019270833333333334 0.08201581027667984
3 0.5651041666666666 0.549407114624506 0.028125 0.08399209486166008
3 0.24739583333333334 0.4624505928853755 0.015625 0.06225296442687747
3 0.40208333333333335 0.5177865612648221 0.017708333333333333 0.07905138339920949
3 0.4375 0.5039525691699605 0.013541666666666667 0.08596837944664032
3 0.35520833333333335 0.4258893280632411 0.0171875 0.07114624505928854
3 0.584375 0.5434782608695652 0.021354166666666667 0.07213438735177866
3 0.621875 0.49407114624505927 0.016145833333333335 0.07509881422924901
3 0.37447916666666664 0.4673913043478261 0.014583333333333334 0.07509881422924901
3 0.6114583333333333 0.4950592885375494 0.017708333333333333 0.07905138339920949
3 0.30104166666666665 0.4367588932806324 0.014583333333333334 0.06719367588932806
3 0.28854166666666664 0.4841897233201581 0.0125 0.0691699604743083
4 0.9895833333333334 0.4041501976284585 0.015104166666666667 0.06521739130434782
4 0.10625 0.941699604743083 0.030729166666666665 0.11462450592885376
4 0.8364583333333333 0.37549407114624506 0.013541666666666667 0.05731225296442688
4 0.20520833333333333 0.974308300395257 0.0328125 0.05039525691699605
4 0.9541666666666667 0.39920948616600793 0.013020833333333334 0.06225296442687747
4 0.8614583333333333 0.383399209486166 0.013541666666666667 0.06027667984189723
4 0.7635416666666667 0.37549407114624506 0.013541666666666667 0.05434782608695652
4 0.940625 0.3814229249011858 0.008854166666666666 0.05039525691699605
4 0.7416666666666667 0.3695652173913043 0.0125 0.05138339920948617
0 0.4161458333333333 0.3310276679841897 0.004166666666666667 0.007905138339920948
1 0.2234375 0.8675889328063241 0.011458333333333333 0.018774703557312252
4 0.6177083333333333 0.3290513833992095 0.008854166666666666 0.02865612648221344
4 0.9333333333333333 0.3774703557312253 0.018229166666666668 0.05632411067193676
4 0.13958333333333334 0.9545454545454546 0.028645833333333332 0.09090909090909091
0 0.1109375 0.34288537549407117 0.0036458333333333334 0.008893280632411068
4 0.4479166666666667 0.31719367588932806 0.009895833333333333 0.042490118577075096
4 0.6036458333333333 0.34782608695652173 0.008333333333333333 0.044466403162055336
4 0.6255208333333333 0.35177865612648224 0.008854166666666666 0.041501976284584984
4 0.6541666666666667 0.3567193675889328 0.009895833333333333 0.046442687747035576
4 0.66875 0.3547430830039526 0.009895833333333333 0.04940711462450593
4 0.6932291666666667 0.36264822134387353 0.009895833333333333 0.04841897233201581
4 0.7135416666666666 0.366600790513834 0.009895833333333333 0.045454545454545456
4 0.9302083333333333 0.39624505928853754 0.015625 0.05434782608695652
2 0.66875 0.6956521739130435 0.010416666666666666 0.019762845849802372