3 0.284375 0.9051383399209486 0.04635416666666667 0.1482213438735178
3 0.796875 0.6007905138339921 0.022916666666666665 0.08102766798418973
3 0.7166666666666667 0.6798418972332015 0.016666666666666666 0.08596837944664032
3 0.48333333333333334 0.6442687747035574 0.0171875 0.08201581027667984
3 0.6864583333333333 0.5988142292490118 0.022395833333333334 0.07806324110671936
3 0.7614583333333333 0.5691699604743083 0.019270833333333334 0.06620553359683795
3 0.5645833333333333 0.6343873517786561 0.016145833333333335 0.09090909090909091
3 0.6229166666666667 0.6284584980237155 0.015104166666666667 0.08399209486166008
3 0.5364583333333334 0.607707509881423 0.016666666666666666 0.0691699604743083
3 0.4625 0.8873517786561265 0.0546875 0.10770750988142293
3 0.5989583333333334 0.5889328063241107 0.017708333333333333 0.07312252964426877
3 0.4161458333333333 0.8488142292490118 0.03802083333333333 0.11067193675889328
0 0.9802083333333333 0.7401185770750988 0.0078125 0.017786561264822136
0 0.91875 0.5434782608695652 0.005729166666666666 0.010869565217391304
4 0.38645833333333335 0.4762845849802372 0.009895833333333333 0.05039525691699605
2 0.3885416666666667 0.8893280632411067 0.0140625 0.01383399209486166
0 0.42916666666666664 0.49308300395256915 0.0046875 0.009881422924901186
4 0.06510416666666667 0.5266798418972332 0.014583333333333334 0.058300395256917
0 0.7916666666666666 0.5098814229249012 0.0046875 0.009881422924901186
4 0.015625 0.5395256916996047 0.016666666666666666 0.06126482213438735
4 0.17291666666666666 0.4901185770750988 0.014583333333333334 0.042490118577075096
4 0.15364583333333334 0.5177865612648221 0.013541666666666667 0.05533596837944664
4 0.12552083333333333 0.5247035573122529 0.014583333333333334 0.05138339920948617
4 0.2078125 0.5019762845849802 0.011458333333333333 0.05731225296442688
3 0.465625 0.8982213438735178 0.0546875 0.12154150197628459
4 0.09791666666666667 0.5286561264822134 0.011979166666666667 0.05237154150197629
4 0.0036458333333333334 0.541501976284585 0.007291666666666667 0.06027667984189723
3 0.5369791666666667 0.6245059288537549 0.0140625 0.07707509881422925