3 0.9010416666666666 0.741106719367589 0.022395833333333334 0.10770750988142293
3 0.8192708333333333 0.7539525691699605 0.027083333333333334 0.10276679841897234
3 0.49583333333333335 0.7638339920948617 0.0328125 0.10968379446640317
4 0.44427083333333334 0.9407114624505929 0.022916666666666665 0.116600790513834
3 0.8114583333333333 0.9446640316205533 0.03802083333333333 0.10770750988142293
3 0.6744791666666666 0.8369565217391305 0.026041666666666668 0.11857707509881422
3 0.6921875 0.7045454545454546 0.022916666666666665 0.08498023715415019
3 0.575 0.6630434782608695 0.025 0.09881422924901186
4 0.32395833333333335 0.8211462450592886 0.019270833333333334 0.116600790513834
3 0.5557291666666667 0.6363636363636364 0.022916666666666665 0.08201581027667984
4 0.38125 0.7845849802371542 0.022916666666666665 0.11067193675889328
4 0.28854166666666664 0.7233201581027668 0.019270833333333334 0.09980237154150198
4 0.3645833333333333 0.8280632411067194 0.016666666666666666 0.11561264822134387
4 0.33645833333333336 0.6897233201581028 0.018229166666666668 0.10177865612648221
1 0.4890625 0.8646245059288538 0.008333333333333333 0.015810276679841896
4 0.2989583333333333 0.7984189723320159 0.013541666666666667 0.11561264822134387
0 0.3723958333333333 0.5849802371541502 0.005208333333333333 0.012845849802371542
0 0.9708333333333333 0.516798418972332 0.005208333333333333 0.011857707509881422
0 0.8135416666666667 0.4654150197628458 0.0046875 0.009881422924901186
0 0.49583333333333335 0.48616600790513836 0.0046875 0.008893280632411068
0 0.39010416666666664 0.4950592885375494 0.004166666666666667 0.007905138339920948
0 0.584375 0.4782608695652174 0.0046875 0.009881422924901186
0 0.334375 0.5029644268774703 0.005729166666666666 0.011857707509881422
2 0.5895833333333333 0.6729249011857708 0.010416666666666666 0.010869565217391304
4 0.33697916666666666 0.7401185770750988 0.0234375 0.10573122529644269