3 0.2947916666666667 0.7075098814229249 0.03697916666666667 0.11561264822134387
3 0.7338541666666667 0.5533596837944664 0.019791666666666666 0.08399209486166008
3 0.371875 0.6709486166007905 0.0359375 0.11067193675889328
3 0.6770833333333334 0.6106719367588933 0.0203125 0.09782608695652174
3 0.5703125 0.4901185770750988 0.01875 0.08399209486166008
3 0.5104166666666666 0.6225296442687747 0.029166666666666667 0.10177865612648221
3 0.5479166666666667 0.4841897233201581 0.0203125 0.07806324110671936
3 0.728125 0.4426877470355731 0.0171875 0.06620553359683795
4 0.8385416666666666 0.9466403162055336 0.028125 0.10375494071146245
3 0.4395833333333333 0.5039525691699605 0.016145833333333335 0.07905138339920949
3 0.4171875 0.49209486166007904 0.020833333333333332 0.07608695652173914
3 0.528125 0.6067193675889329 0.0234375 0.08201581027667984
4 0.8020833333333334 0.958498023715415 0.027083333333333334 0.0800395256916996
3 0.7041666666666667 0.4278656126482213 0.013020833333333334 0.06324110671936758
2 0.6114583333333333 0.58399209486166 0.0125 0.011857707509881422
4 0.7354166666666667 0.9792490118577075 0.027604166666666666 0.039525691699604744
1 0.7317708333333334 0.8754940711462451 0.010416666666666666 0.015810276679841896
4 0.14947916666666666 0.3804347826086957 0.013541666666666667 0.05731225296442688
4 0.051041666666666666 0.3893280632411067 0.0203125 0.07213438735177866
4 0.12395833333333334 0.3883399209486166 0.0125 0.05731225296442688
0 0.5734375 0.3339920948616601 0.004166666666666667 0.007905138339920948
0 0.996875 0.3685770750988142 0.0046875 0.009881422924901186
4 0.029166666666666667 0.4031620553359684 0.014583333333333334 0.06225296442687747
4 0.24270833333333333 0.37351778656126483 0.013541666666666667 0.05434782608695652
3 0.6130208333333333 0.4426877470355731 0.0171875 0.05928853754940711
3 0.615625 0.466403162055336 0.0171875 0.06620553359683795
0 0.8776041666666666 0.3448616600790514 0.00625 0.011857707509881422
4 0.5411458333333333 0.3201581027667984 0.008333333333333333 0.041501976284584984
4 0.3854166666666667 0.35276679841897235 0.008854166666666666 0.043478260869565216
4 0.37135416666666665 0.33201581027667987 0.010416666666666666 0.029644268774703556
4 0.3614583333333333 0.3567193675889328 0.010416666666666666 0.040513833992094864
4 0.3333333333333333 0.3606719367588933 0.0078125 0.046442687747035576
4 0.3182291666666667 0.358695652173913 0.009375 0.04940711462450593
4 0.29322916666666665 0.36561264822134387 0.009375 0.04940711462450593
4 0.271875 0.3685770750988142 0.0078125 0.04743083003952569
4 0.21979166666666666 0.3794466403162055 0.010416666666666666 0.05434782608695652