3 0.15729166666666666 0.8478260869565217 0.03333333333333333 0.13142292490118576
3 0.43020833333333336 0.8438735177865613 0.028645833333333332 0.12944664031620554
4 0.5114583333333333 0.9426877470355731 0.0203125 0.11363636363636363
3 0.365625 0.7015810276679841 0.0390625 0.06818181818181818
4 0.6276041666666666 0.8102766798418972 0.026041666666666668 0.11758893280632411
4 0.5671875 0.7816205533596838 0.016666666666666666 0.11264822134387352
3 0.3958333333333333 0.6679841897233202 0.024479166666666666 0.08794466403162056
4 0.6541666666666667 0.7905138339920948 0.016666666666666666 0.11561264822134387
4 0.5963541666666666 0.8290513833992095 0.016666666666666666 0.11264822134387352
4 0.6645833333333333 0.7114624505928854 0.019270833333333334 0.1007905138339921
1 0.46458333333333335 0.8646245059288538 0.0078125 0.017786561264822136
4 0.609375 0.7272727272727273 0.019270833333333334 0.10375494071146245
0 0.13072916666666667 0.4683794466403162 0.004166666666666667 0.009881422924901186
0 0.58125 0.5820158102766798 0.005729166666666666 0.011857707509881422
0 0.4583333333333333 0.48616600790513836 0.004166666666666667 0.008893280632411068
0 0.5635416666666667 0.49209486166007904 0.004166666666666667 0.008893280632411068
0 0.6171875 0.5 0.0036458333333333334 0.008893280632411068
4 0.6135416666666667 0.6847826086956522 0.0140625 0.09980237154150198
2 0.35520833333333335 0.6778656126482213 0.009895833333333333 0.007905138339920948