3 0.790625 0.7065217391304348 0.0234375 0.08893280632411067
3 0.7609375 0.6620553359683794 0.026041666666666668 0.09189723320158102
4 0.5609375 0.8695652173913043 0.021875 0.13339920948616601
4 0.3385416666666667 0.7786561264822134 0.021354166666666667 0.10375494071146245
4 0.3807291666666667 0.775691699604743 0.015625 0.10474308300395258
4 0.359375 0.7035573122529645 0.016145833333333335 0.0958498023715415
4 0.41041666666666665 0.7816205533596838 0.016666666666666666 0.09881422924901186
4 0.4114583333333333 0.741106719367589 0.016666666666666666 0.09189723320158102
4 0.33541666666666664 0.691699604743083 0.022395833333333334 0.10474308300395258
0 0.13229166666666667 0.525691699604743 0.00625 0.010869565217391304
0 0.23385416666666667 0.5938735177865613 0.005208333333333333 0.011857707509881422
0 0.190625 0.5118577075098815 0.0046875 0.010869565217391304
0 0.290625 0.4901185770750988 0.004166666666666667 0.008893280632411068
1 0.5072916666666667 0.7895256916996047 0.009895833333333333 0.01383399209486166
4 0.94375 0.5098814229249012 0.011458333333333333 0.04940711462450593
0 0.36614583333333334 0.475296442687747 0.005208333333333333 0.007905138339920948
4 0.7630208333333334 0.4782608695652174 0.008333333333333333 0.041501976284584984
4 0.74375 0.4733201581027668 0.007291666666666667 0.042490118577075096
4 0.7229166666666667 0.46936758893280633 0.009375 0.043478260869565216
4 0.7364583333333333 0.4723320158102767 0.0078125 0.039525691699604744
0 0.6489583333333333 0.4733201581027668 0.0036458333333333334 0.009881422924901186
4 0.7786458333333334 0.48221343873517786 0.009375 0.041501976284584984
4 0.7958333333333333 0.4733201581027668 0.0125 0.041501976284584984
4 0.8307291666666666 0.49209486166007904 0.010416666666666666 0.04743083003952569
4 0.8942708333333333 0.5079051383399209 0.010416666666666666 0.05039525691699605
4 0.9520833333333333 0.5187747035573123 0.011979166666666667 0.043478260869565216
4 0.9760416666666667 0.5266798418972332 0.013020833333333334 0.041501976284584984