3 0.9 0.6719367588932806 0.03697916666666667 0.09387351778656126
3 0.23229166666666667 0.7924901185770751 0.027083333333333334 0.10968379446640317
3 0.7197916666666667 0.8201581027667985 0.03125 0.11561264822134387
3 0.625 0.8992094861660079 0.026041666666666668 0.1432806324110672
3 0.17604166666666668 0.7638339920948617 0.0359375 0.09683794466403162
3 0.43333333333333335 0.7608695652173914 0.041666666666666664 0.11956521739130435
4 0.225 0.9664031620553359 0.027083333333333334 0.06521739130434782
3 0.44895833333333335 0.7924901185770751 0.03854166666666667 0.12055335968379446
3 0.49375 0.6887351778656127 0.03229166666666667 0.08596837944664032
3 0.459375 0.6343873517786561 0.0328125 0.07114624505928854
3 0.49166666666666664 0.6294466403162056 0.028125 0.07312252964426877
3 0.509375 0.6383399209486166 0.027604166666666666 0.07509881422924901
4 0.609375 0.48320158102766797 0.013020833333333334 0.0533596837944664
1 0.12395833333333334 0.9545454545454546 0.013020833333333334 0.016798418972332016
0 0.24166666666666667 0.48221343873517786 0.005729166666666666 0.008893280632411068
4 0.7177083333333333 0.4762845849802372 0.010416666666666666 0.03359683794466403
4 0.4083333333333333 0.4614624505928854 0.011979166666666667 0.043478260869565216
0 0.06979166666666667 0.47134387351778656 0.005208333333333333 0.009881422924901186
4 0.3307291666666667 0.4654150197628458 0.010416666666666666 0.04940711462450593
4 0.35520833333333335 0.466403162055336 0.013020833333333334 0.05138339920948617
4 0.9453125 0.5 0.013541666666666667 0.05434782608695652
4 0.6776041666666667 0.49407114624505927 0.010416666666666666 0.046442687747035576
4 0.6536458333333334 0.48616600790513836 0.0125 0.058300395256917
4 0.6328125 0.49209486166007904 0.0109375 0.043478260869565216
4 0.5739583333333333 0.4871541501976285 0.009375 0.04841897233201581
4 0.559375 0.48616600790513836 0.009895833333333333 0.044466403162055336
4 0.5484375 0.48023715415019763 0.0125 0.05039525691699605
4 0.5067708333333333 0.48221343873517786 0.008333333333333333 0.05039525691699605
4 0.46770833333333334 0.4772727272727273 0.0078125 0.04940711462450593
4 0.39010416666666664 0.4723320158102767 0.009375 0.044466403162055336
4 0.37604166666666666 0.47134387351778656 0.008333333333333333 0.043478260869565216
4 0.34479166666666666 0.466403162055336 0.009375 0.04940711462450593