4 0.584375 0.9288537549407114 0.022395833333333334 0.14130434782608695
3 0.7744791666666667 0.7164031620553359 0.036458333333333336 0.09782608695652174
4 0.471875 0.766798418972332 0.018229166666666668 0.10770750988142293
4 0.453125 0.8152173913043478 0.020833333333333332 0.116600790513834
4 0.38125 0.7895256916996047 0.016145833333333335 0.11462450592885376
4 0.4125 0.6897233201581028 0.0203125 0.10177865612648221
4 0.4401041666666667 0.7075098814229249 0.017708333333333333 0.09980237154150198
4 0.3875 0.7055335968379447 0.015625 0.09683794466403162
2 0.6635416666666667 0.4762845849802372 0.0109375 0.010869565217391304
4 0.4322916666666667 0.7924901185770751 0.0171875 0.10968379446640317
0 0.3026041666666667 0.5 0.00625 0.010869565217391304
0 0.8895833333333333 0.49209486166007904 0.0046875 0.009881422924901186
0 0.3572916666666667 0.49209486166007904 0.0046875 0.008893280632411068
0 0.7427083333333333 0.4505928853754941 0.0046875 0.008893280632411068
0 0.3697916666666667 0.5810276679841897 0.005729166666666666 0.012845849802371542
0 0.5411458333333333 0.4683794466403162 0.004166666666666667 0.008893280632411068
0 0.459375 0.4792490118577075 0.0046875 0.009881422924901186
4 0.9932291666666667 0.4980237154150198 0.0125 0.05632411067193676
1 0.575 0.8389328063241107 0.009375 0.016798418972332016
3 0.775 0.6936758893280632 0.03958333333333333 0.09090909090909091