3 0.46770833333333334 0.5909090909090909 0.0203125 0.09881422924901186
3 0.6520833333333333 0.6739130434782609 0.028645833333333332 0.12549407114624506
3 0.6885416666666667 0.6561264822134387 0.027083333333333334 0.10770750988142293
3 0.64375 0.9436758893280632 0.027604166666666666 0.11067193675889328
3 0.6661458333333333 0.5830039525691699 0.023958333333333335 0.0958498023715415
3 0.6114583333333333 0.5592885375494071 0.0203125 0.09980237154150198
3 0.35208333333333336 0.5553359683794467 0.017708333333333333 0.08300395256916997
3 0.5114583333333333 0.48616600790513836 0.0234375 0.07806324110671936
3 0.6322916666666667 0.4525691699604743 0.019791666666666666 0.07312252964426877
3 0.45260416666666664 0.47035573122529645 0.01875 0.07213438735177866
3 0.521875 0.9703557312252964 0.03697916666666667 0.05632411067193676
3 0.6072916666666667 0.43873517786561267 0.015104166666666667 0.07015810276679842
3 0.6947916666666667 0.42292490118577075 0.022395833333333334 0.06719367588932806
3 0.7875 0.43774703557312256 0.016145833333333335 0.06521739130434782
3 0.7072916666666667 0.4140316205533597 0.0171875 0.07312252964426877
4 0.14375 0.3695652173913043 0.0125 0.05731225296442688
3 0.7791666666666667 0.4407114624505929 0.0171875 0.05928853754940711
3 0.6041666666666666 0.9525691699604744 0.0265625 0.09387351778656126
4 0.05 0.37549407114624506 0.01875 0.06620553359683795
4 0.21145833333333333 0.3705533596837945 0.015625 0.05138339920948617
4 0.2635416666666667 0.35968379446640314 0.013020833333333334 0.04841897233201581
4 0.11770833333333333 0.3794466403162055 0.013541666666666667 0.05434782608695652
2 0.30104166666666665 0.17984189723320157 0.007291666666666667 0.00691699604743083
1 0.5947916666666667 0.8636363636363636 0.0109375 0.015810276679841896
4 0.5416666666666666 0.31521739130434784 0.008333333333333333 0.041501976284584984
4 0.37864583333333335 0.3448616600790514 0.008333333333333333 0.043478260869565216
4 0.3703125 0.32608695652173914 0.008333333333333333 0.02766798418972332
4 0.3541666666666667 0.34980237154150196 0.0078125 0.038537549407114624
4 0.325 0.35276679841897235 0.0078125 0.042490118577075096
4 0.3104166666666667 0.35079051383399207 0.008333333333333333 0.04743083003952569
4 0.2838541666666667 0.3577075098814229 0.008854166666666666 0.045454545454545456
4 0.2359375 0.36462450592885376 0.0109375 0.05138339920948617
4 0.049479166666666664 0.3883399209486166 0.0140625 0.04743083003952569
4 0.027083333333333334 0.3932806324110672 0.009375 0.05434782608695652