3 0.8010416666666667 0.7796442687747036 0.03697916666666667 0.11067193675889328
3 0.73125 0.7618577075098815 0.0203125 0.08695652173913043
3 0.16354166666666667 0.6907114624505929 0.026041666666666668 0.08201581027667984
3 0.3098958333333333 0.5770750988142292 0.017708333333333333 0.06818181818181818
3 0.3640625 0.5454545454545454 0.015625 0.06324110671936758
3 0.4296875 0.7490118577075099 0.030208333333333334 0.09189723320158102
3 0.3958333333333333 0.5573122529644269 0.015104166666666667 0.06422924901185771
3 0.49635416666666665 0.9041501976284585 0.041666666666666664 0.13339920948616601
3 0.2296875 0.5592885375494071 0.016666666666666666 0.07213438735177866
3 0.2625 0.5790513833992095 0.015104166666666667 0.0741106719367589
3 0.4828125 0.9258893280632411 0.046875 0.1383399209486166
3 0.14114583333333333 0.6640316205533597 0.01875 0.08893280632411067
3 0.28802083333333334 0.5434782608695652 0.016666666666666666 0.06027667984189723
4 0.7364583333333333 0.508893280632411 0.011979166666666667 0.05533596837944664
4 0.61875 0.4782608695652174 0.009375 0.05039525691699605
3 0.4239583333333333 0.733201581027668 0.022395833333333334 0.09189723320158102
4 0.93125 0.5503952569169961 0.015625 0.06719367588932806
4 0.8630208333333333 0.541501976284585 0.013541666666666667 0.05632411067193676
0 0.10364583333333334 0.5118577075098815 0.005208333333333333 0.010869565217391304
0 0.5770833333333333 0.4950592885375494 0.005208333333333333 0.009881422924901186
0 0.42916666666666664 0.45849802371541504 0.005208333333333333 0.008893280632411068
4 0.834375 0.5335968379446641 0.011979166666666667 0.058300395256917
4 0.8427083333333333 0.5049407114624506 0.0109375 0.03557312252964427
4 0.8911458333333333 0.5464426877470355 0.014583333333333334 0.05632411067193676
4 0.9671875 0.5741106719367589 0.015625 0.037549407114624504
4 0.9932291666666667 0.5681818181818182 0.013541666666666667 0.06126482213438735
0 0.2296875 0.49110671936758893 0.0046875 0.007905138339920948