4 0.17083333333333334 0.8774703557312253 0.0328125 0.14525691699604742
3 0.6791666666666667 0.5079051383399209 0.0265625 0.07509881422924901
3 0.42552083333333335 0.5237154150197628 0.022916666666666665 0.0800395256916996
3 0.5822916666666667 0.5266798418972332 0.018229166666666668 0.08695652173913043
3 0.39010416666666664 0.6511857707509882 0.0359375 0.09683794466403162
3 0.8291666666666667 0.4654150197628458 0.0203125 0.07312252964426877
3 0.48020833333333335 0.4841897233201581 0.01875 0.07213438735177866
3 0.6567708333333333 0.48221343873517786 0.020833333333333332 0.06422924901185771
3 0.7666666666666667 0.43873517786561267 0.019791666666666666 0.0691699604743083
3 0.7541666666666667 0.424901185770751 0.0203125 0.06719367588932806
3 0.78125 0.48221343873517786 0.017708333333333333 0.06818181818181818
3 0.40989583333333335 0.4851778656126482 0.022916666666666665 0.07114624505928854
3 0.5859375 0.4624505928853755 0.01875 0.06422924901185771
3 0.578125 0.4525691699604743 0.015104166666666667 0.06818181818181818
4 0.609375 0.3181818181818182 0.009895833333333333 0.043478260869565216
4 0.10833333333333334 0.8794466403162056 0.046875 0.15217391304347827
0 0.9927083333333333 0.37648221343873517 0.005208333333333333 0.009881422924901186
4 0.13020833333333334 0.34980237154150196 0.011979166666666667 0.046442687747035576
0 0.6421875 0.3349802371541502 0.004166666666666667 0.007905138339920948
4 0.06041666666666667 0.3359683794466403 0.013020833333333334 0.04841897233201581
4 0.10520833333333333 0.35177865612648224 0.011979166666666667 0.04841897233201581
4 0.09375 0.35276679841897235 0.013541666666666667 0.04940711462450593
4 0.07604166666666666 0.35375494071146246 0.015104166666666667 0.05039525691699605
4 0.15885416666666666 0.33695652173913043 0.011458333333333333 0.04743083003952569
4 0.44479166666666664 0.3201581027667984 0.009895833333333333 0.03260869565217391
4 0.2265625 0.33992094861660077 0.011458333333333333 0.046442687747035576
4 0.035416666666666666 0.31225296442687744 0.013541666666666667 0.038537549407114624
4 0.021875 0.3557312252964427 0.013020833333333334 0.05039525691699605
4 0.017708333333333333 0.3073122529644269 0.011979166666666667 0.039525691699604744
4 0.034375 0.8952569169960475 0.03229166666666667 0.1590909090909091
1 0.24635416666666668 0.799407114624506 0.0125 0.017786561264822136
3 0.39114583333333336 0.6511857707509882 0.016666666666666666 0.11561264822134387
2 0.4015625 0.6373517786561265 0.0078125 0.019762845849802372
4 0.43125 0.3349802371541502 0.007291666666666667 0.043478260869565216
4 0.4083333333333333 0.33794466403162055 0.008333333333333333 0.037549407114624504
4 0.375 0.33695652173913043 0.00625 0.042490118577075096
4 0.36770833333333336 0.3349802371541502 0.007291666666666667 0.045454545454545456
4 0.3416666666666667 0.3409090909090909 0.008333333333333333 0.041501976284584984
4 0.32447916666666665 0.34189723320158105 0.0078125 0.042490118577075096
4 0.2994791666666667 0.34189723320158105 0.009895833333333333 0.044466403162055336
4 0.2760416666666667 0.3438735177865613 0.009375 0.042490118577075096
4 0.20208333333333334 0.3458498023715415 0.009375 0.044466403162055336
4 0.14947916666666666 0.34782608695652173 0.0109375 0.040513833992094864