3 0.7828125 0.6106719367588933 0.029166666666666667 0.09288537549407115
3 0.35520833333333335 0.5948616600790514 0.0265625 0.08794466403162056
3 0.42083333333333334 0.6057312252964426 0.021875 0.09881422924901186
3 0.6010416666666667 0.6363636363636364 0.025520833333333333 0.08498023715415019
3 0.4666666666666667 0.5770750988142292 0.018229166666666668 0.08102766798418973
3 0.7354166666666667 0.6126482213438735 0.016145833333333335 0.08695652173913043
3 0.5177083333333333 0.6027667984189723 0.015625 0.08498023715415019
3 0.625 0.616600790513834 0.0203125 0.08498023715415019
3 0.6791666666666667 0.6758893280632411 0.049479166666666664 0.08596837944664032
3 0.5822916666666667 0.5849802371541502 0.0171875 0.08300395256916997
3 0.7729166666666667 0.5118577075098815 0.021354166666666667 0.06225296442687747
3 0.7510416666666667 0.5355731225296443 0.0140625 0.06620553359683795
4 0.5239583333333333 0.40118577075098816 0.0140625 0.044466403162055336
2 0.665625 0.6057312252964426 0.010416666666666666 0.01383399209486166
3 0.4265625 0.558300395256917 0.017708333333333333 0.07312252964426877
4 0.3046875 0.42391304347826086 0.011458333333333333 0.041501976284584984
4 0.328125 0.4209486166007905 0.0109375 0.045454545454545456
4 0.2598958333333333 0.4199604743083004 0.011458333333333333 0.0533596837944664
0 0.90625 0.45454545454545453 0.005208333333333333 0.010869565217391304
4 0.096875 0.4308300395256917 0.011979166666666667 0.05533596837944664
0 0.559375 0.41798418972332013 0.0046875 0.007905138339920948
4 0.019791666666666666 0.4268774703557312 0.014583333333333334 0.04940711462450593
4 0.06770833333333333 0.4367588932806324 0.013020833333333334 0.05138339920948617
4 0.3484375 0.40118577075098816 0.0125 0.03359683794466403
0 0.7317708333333334 0.40217391304347827 0.0046875 0.008893280632411068
4 0.005208333333333333 0.4367588932806324 0.009895833333333333 0.05632411067193676
3 0.6739583333333333 0.6956521739130435 0.034375 0.10375494071146245
4 0.23020833333333332 0.4288537549407115 0.009895833333333333 0.046442687747035576
4 0.20989583333333334 0.4298418972332016 0.010416666666666666 0.046442687747035576
4 0.1796875 0.4318181818181818 0.011458333333333333 0.05237154150197629
4 0.15364583333333334 0.43379446640316205 0.0109375 0.05138339920948617