3 0.3963541666666667 0.6758893280632411 0.027083333333333334 0.07806324110671936
3 0.2171875 0.7213438735177866 0.019791666666666666 0.06521739130434782
3 0.26145833333333335 0.7252964426877471 0.027604166666666666 0.09189723320158102
3 0.4947916666666667 0.6343873517786561 0.022916666666666665 0.07608695652173914
3 0.178125 0.5790513833992095 0.0140625 0.06620553359683795
3 0.21666666666666667 0.5928853754940712 0.017708333333333333 0.06225296442687747
3 0.36041666666666666 0.5889328063241107 0.0171875 0.06027667984189723
3 0.409375 0.5859683794466403 0.0171875 0.06324110671936758
3 0.2625 0.633399209486166 0.023958333333333335 0.07015810276679842
3 0.26666666666666666 0.5681818181818182 0.016666666666666666 0.06521739130434782
3 0.284375 0.5632411067193676 0.015104166666666667 0.06422924901185771
3 0.44375 0.5830039525691699 0.015104166666666667 0.0691699604743083
0 0.08385416666666666 0.5454545454545454 0.005208333333333333 0.010869565217391304
3 0.43125 0.5741106719367589 0.0140625 0.0691699604743083
0 0.07916666666666666 0.7144268774703557 0.0078125 0.015810276679841896
0 0.5078125 0.4851778656126482 0.005208333333333333 0.009881422924901186
0 0.19479166666666667 0.5118577075098815 0.005208333333333333 0.009881422924901186
4 0.878125 0.5079051383399209 0.019270833333333334 0.05039525691699605
4 0.90625 0.5138339920948617 0.013020833333333334 0.05237154150197629
4 0.8520833333333333 0.5079051383399209 0.015104166666666667 0.046442687747035576
4 0.8005208333333333 0.49604743083003955 0.011458333333333333 0.05039525691699605
4 0.7770833333333333 0.49407114624505927 0.0140625 0.04940711462450593
4 0.7098958333333333 0.4782608695652174 0.013541666666666667 0.03458498023715415
4 0.83125 0.5079051383399209 0.016145833333333335 0.045454545454545456
4 0.753125 0.4980237154150198 0.0140625 0.039525691699604744
2 0.215625 0.7391304347826086 0.009895833333333333 0.016798418972332016
3 0.2734375 0.6007905138339921 0.015104166666666667 0.05731225296442688
4 0.5395833333333333 0.4683794466403162 0.008333333333333333 0.039525691699604744
4 0.7286458333333333 0.49604743083003955 0.009375 0.041501976284584984