3 0.6802083333333333 0.6778656126482213 0.022395833333333334 0.08201581027667984
3 0.7854166666666667 0.7124505928853755 0.033854166666666664 0.08893280632411067
3 0.59375 0.7233201581027668 0.0265625 0.08893280632411067
3 0.5427083333333333 0.7104743083003953 0.024479166666666666 0.09683794466403162
3 0.6072916666666667 0.6798418972332015 0.021875 0.08498023715415019
3 0.634375 0.66600790513834 0.022916666666666665 0.08201581027667984
4 0.3609375 0.8310276679841897 0.017708333333333333 0.11561264822134387
3 0.8322916666666667 0.6383399209486166 0.022395833333333334 0.07015810276679842
3 0.8083333333333333 0.6590909090909091 0.022916666666666665 0.08102766798418973
4 0.46979166666666666 0.9387351778656127 0.030208333333333334 0.11956521739130435
4 0.3078125 0.6996047430830039 0.016666666666666666 0.10474308300395258
4 0.3458333333333333 0.7885375494071146 0.018229166666666668 0.11067193675889328
4 0.3177083333333333 0.8211462450592886 0.017708333333333333 0.12944664031620554
1 0.4859375 0.857707509881423 0.008333333333333333 0.016798418972332016
0 0.8822916666666667 0.5039525691699605 0.005208333333333333 0.010869565217391304
0 0.3229166666666667 0.5889328063241107 0.005729166666666666 0.012845849802371542
4 0.94375 0.475296442687747 0.011458333333333333 0.030632411067193676
0 0.32708333333333334 0.5 0.005208333333333333 0.009881422924901186
0 0.7354166666666667 0.46047430830039526 0.005208333333333333 0.008893280632411068
0 0.4348958333333333 0.48616600790513836 0.004166666666666667 0.008893280632411068
0 0.26979166666666665 0.5079051383399209 0.0067708333333333336 0.010869565217391304
4 0.9880208333333333 0.5079051383399209 0.014583333333333334 0.05928853754940711
4 0.93125 0.4980237154150198 0.009895833333333333 0.05039525691699605
0 0.5208333333333334 0.4762845849802372 0.0046875 0.008893280632411068
2 0.5484375 0.682806324110672 0.008333333333333333 0.019762845849802372
4 0.32916666666666666 0.7401185770750988 0.013020833333333334 0.10869565217391304
4 0.315625 0.7262845849802372 0.0171875 0.08992094861660078