3 0.26614583333333336 0.8162055335968379 0.03125 0.12154150197628459
3 0.4322916666666667 0.7272727272727273 0.024479166666666666 0.09980237154150198
3 0.2375 0.7193675889328063 0.022916666666666665 0.1067193675889328
3 0.37395833333333334 0.6936758893280632 0.022916666666666665 0.07806324110671936
3 0.3958333333333333 0.6383399209486166 0.0203125 0.0800395256916996
4 0.5651041666666666 0.9397233201581028 0.026041666666666668 0.12055335968379446
3 0.4270833333333333 0.6363636363636364 0.016145833333333335 0.08300395256916997
4 0.7145833333333333 0.8023715415019763 0.015104166666666667 0.11758893280632411
3 0.2265625 0.6383399209486166 0.0234375 0.07312252964426877
1 0.5255208333333333 0.8606719367588933 0.008333333333333333 0.015810276679841896
4 0.6927083333333334 0.8181818181818182 0.017708333333333333 0.12154150197628459
4 0.66875 0.7351778656126482 0.013020833333333334 0.1067193675889328
4 0.6520833333333333 0.8280632411067194 0.0171875 0.11363636363636363
4 0.6854166666666667 0.6907114624505929 0.01875 0.10177865612648221
4 0.696875 0.7252964426877471 0.011979166666666667 0.10573122529644269
0 0.05520833333333333 0.5118577075098815 0.005729166666666666 0.010869565217391304
0 0.6458333333333334 0.5830039525691699 0.005208333333333333 0.012845849802371542
0 0.20833333333333334 0.4614624505928854 0.005208333333333333 0.009881422924901186
0 0.6291666666666667 0.49407114624505927 0.004166666666666667 0.009881422924901186
0 0.6848958333333334 0.5019762845849802 0.005208333333333333 0.010869565217391304
0 0.521875 0.4841897233201581 0.004166666666666667 0.008893280632411068
0 0.4348958333333333 0.4762845849802372 0.004166666666666667 0.009881422924901186
4 0.005208333333333333 0.4990118577075099 0.009895833333333333 0.06521739130434782
4 0.653125 0.7835968379446641 0.0171875 0.10869565217391304
3 0.22916666666666666 0.6669960474308301 0.0171875 0.07806324110671936