3 0.8755208333333333 0.8092885375494071 0.04583333333333333 0.11462450592885376
3 0.015625 0.7223320158102767 0.0296875 0.11462450592885376
3 0.80625 0.849802371541502 0.034895833333333334 0.12845849802371542
3 0.40677083333333336 0.8547430830039525 0.03854166666666667 0.11462450592885376
3 0.14322916666666666 0.6561264822134387 0.027083333333333334 0.08992094861660078
3 0.575 0.7727272727272727 0.034375 0.12154150197628459
3 0.25364583333333335 0.6146245059288538 0.0234375 0.07806324110671936
3 0.6229166666666667 0.6541501976284585 0.0234375 0.08201581027667984
3 0.11041666666666666 0.6037549407114624 0.017708333333333333 0.07509881422924901
3 0.4744791666666667 0.883399209486166 0.023958333333333335 0.15316205533596838
3 0.5640625 0.6482213438735178 0.028125 0.0800395256916996
3 0.590625 0.6383399209486166 0.021354166666666667 0.07707509881422925
3 0.5473958333333333 0.7430830039525692 0.03125 0.10375494071146245
3 0.5510416666666667 0.7055335968379447 0.025 0.08893280632411067
0 0.2859375 0.49703557312252966 0.005729166666666666 0.010869565217391304
2 0.46041666666666664 0.8636363636363636 0.013020833333333334 0.0266798418972332
4 0.8869791666666667 0.49209486166007904 0.011458333333333333 0.05237154150197629
4 0.8489583333333334 0.4762845849802372 0.013020833333333334 0.05237154150197629
4 0.9130208333333333 0.49209486166007904 0.011458333333333333 0.0533596837944664
0 0.05520833333333333 0.49110671936758893 0.007291666666666667 0.009881422924901186
4 0.9739583333333334 0.4407114624505929 0.009895833333333333 0.037549407114624504
4 0.9442708333333333 0.49407114624505927 0.0125 0.0533596837944664
4 0.8697916666666666 0.49209486166007904 0.0125 0.05434782608695652
4 0.5546875 0.4871541501976285 0.009895833333333333 0.04841897233201581
4 0.5234375 0.4683794466403162 0.0109375 0.029644268774703556
4 0.9265625 0.49407114624505927 0.011979166666666667 0.05138339920948617
4 0.5776041666666667 0.49110671936758893 0.010416666666666666 0.041501976284584984
4 0.3296875 0.4723320158102767 0.008854166666666666 0.046442687747035576
4 0.5614583333333333 0.4792490118577075 0.011458333333333333 0.046442687747035576
4 0.5979166666666667 0.4891304347826087 0.011458333333333333 0.046442687747035576
4 0.6223958333333334 0.48616600790513836 0.013020833333333334 0.04940711462450593
4 0.6572916666666667 0.49110671936758893 0.010416666666666666 0.045454545454545456
4 0.6713541666666667 0.49209486166007904 0.013020833333333334 0.046442687747035576
4 0.6864583333333333 0.48616600790513836 0.011979166666666667 0.05039525691699605
4 0.7302083333333333 0.49308300395256915 0.008854166666666666 0.0533596837944664
4 0.7713541666666667 0.49209486166007904 0.008333333333333333 0.0533596837944664