3 0.7052083333333333 0.6225296442687747 0.018229166666666668 0.09782608695652174
3 0.18489583333333334 0.6541501976284585 0.026041666666666668 0.08992094861660078
3 0.371875 0.5237154150197628 0.016666666666666666 0.06422924901185771
3 0.5135416666666667 0.6669960474308301 0.0546875 0.08893280632411067
3 0.3729166666666667 0.6719367588932806 0.027604166666666666 0.09387351778656126
3 0.6083333333333333 0.6096837944664032 0.015104166666666667 0.09090909090909091
3 0.540625 0.6037549407114624 0.016145833333333335 0.09090909090909091
3 0.5036458333333333 0.5681818181818182 0.025520833333333333 0.08498023715415019
3 0.2 0.616600790513834 0.022395833333333334 0.07608695652173914
4 0.7479166666666667 0.466403162055336 0.0140625 0.06126482213438735
3 0.3729166666666667 0.6343873517786561 0.0203125 0.06620553359683795
0 0.696875 0.4851778656126482 0.005729166666666666 0.009881422924901186
0 0.13645833333333332 0.5385375494071146 0.005208333333333333 0.011857707509881422
0 0.13020833333333334 0.7559288537549407 0.008333333333333333 0.019762845849802372
0 0.27395833333333336 0.5019762845849802 0.0046875 0.010869565217391304
3 0.36875 0.5316205533596838 0.019270833333333334 0.05632411067193676
3 0.5114583333333333 0.6867588932806324 0.04010416666666667 0.09486166007905138
3 0.525 0.633399209486166 0.015104166666666667 0.08992094861660078
3 0.5067708333333333 0.5602766798418972 0.013020833333333334 0.07905138339920949