3 0.35520833333333335 0.9090909090909091 0.0546875 0.1274703557312253
3 0.23333333333333334 0.9318181818181818 0.030729166666666665 0.13438735177865613
3 0.5276041666666667 0.9110671936758893 0.03333333333333333 0.1422924901185771
3 0.6427083333333333 0.766798418972332 0.030729166666666665 0.09980237154150198
3 0.5416666666666666 0.7470355731225297 0.0390625 0.09486166007905138
3 0.5645833333333333 0.8517786561264822 0.034895833333333334 0.11561264822134387
3 0.5197916666666667 0.6343873517786561 0.022395833333333334 0.08399209486166008
3 0.5630208333333333 0.6294466403162056 0.03229166666666667 0.08300395256916997
3 0.7473958333333334 0.6047430830039525 0.016666666666666666 0.06620553359683795
3 0.5921875 0.558300395256917 0.016666666666666666 0.06719367588932806
3 0.6645833333333333 0.5978260869565217 0.01875 0.0691699604743083
3 0.6473958333333333 0.5573122529644269 0.019791666666666666 0.06620553359683795
3 0.5473958333333333 0.5464426877470355 0.022395833333333334 0.05928853754940711
3 0.5614583333333333 0.5335968379446641 0.010416666666666666 0.05434782608695652
4 0.11458333333333333 0.5375494071146245 0.015104166666666667 0.06324110671936758
4 0.990625 0.974308300395257 0.017708333333333333 0.04940711462450593
0 0.90625 0.6106719367588933 0.005729166666666666 0.012845849802371542
0 0.28177083333333336 0.508893280632411 0.005208333333333333 0.009881422924901186
0 0.9234375 0.5177865612648221 0.004166666666666667 0.009881422924901186
0 0.8458333333333333 0.5098814229249012 0.0046875 0.008893280632411068
0 0.73125 0.4901185770750988 0.0046875 0.008893280632411068
0 0.6197916666666666 0.48023715415019763 0.0046875 0.008893280632411068
4 0.23645833333333333 0.49604743083003955 0.009375 0.05237154150197629
4 0.0046875 0.5780632411067194 0.009375 0.06126482213438735