3 0.5729166666666666 0.6541501976284585 0.022395833333333334 0.08300395256916997
3 0.17708333333333334 0.6146245059288538 0.020833333333333332 0.07905138339920949
3 0.6510416666666666 0.8320158102766798 0.034895833333333334 0.0958498023715415
3 0.48489583333333336 0.6669960474308301 0.020833333333333332 0.09090909090909091
3 0.2864583333333333 0.6007905138339921 0.021354166666666667 0.07509881422924901
3 0.365625 0.6946640316205533 0.0171875 0.09090909090909091
3 0.3734375 0.6146245059288538 0.015625 0.07608695652173914
3 0.203125 0.5830039525691699 0.016145833333333335 0.06422924901185771
3 0.4578125 0.6343873517786561 0.015625 0.07608695652173914
3 0.5395833333333333 0.8211462450592886 0.030729166666666665 0.09683794466403162
3 0.5171875 0.6442687747035574 0.01875 0.08596837944664032
3 0.53125 0.616600790513834 0.019791666666666666 0.07509881422924901
3 0.521875 0.8695652173913043 0.06145833333333333 0.11857707509881422
0 0.011458333333333333 0.758893280632411 0.0078125 0.019762845849802372
4 0.5911458333333334 0.4733201581027668 0.008854166666666666 0.04940711462450593
0 0.052083333333333336 0.5513833992094862 0.005729166666666666 0.011857707509881422
0 0.5494791666666666 0.49209486166007904 0.005208333333333333 0.009881422924901186
4 0.9947916666666666 0.5296442687747036 0.010416666666666666 0.06027667984189723
0 0.18333333333333332 0.5138339920948617 0.0046875 0.009881422924901186
4 0.9692708333333333 0.5335968379446641 0.0125 0.05434782608695652
4 0.9083333333333333 0.5197628458498024 0.014583333333333334 0.05731225296442688
0 0.37135416666666665 0.4644268774703557 0.005208333333333333 0.008893280632411068
4 0.8229166666666666 0.5138339920948617 0.009375 0.05434782608695652
3 0.5234375 0.8774703557312253 0.03802083333333333 0.13339920948616601
4 0.784375 0.5019762845849802 0.0140625 0.05138339920948617
4 0.8 0.48616600790513836 0.011458333333333333 0.03557312252964427
4 0.8505208333333333 0.5197628458498024 0.0125 0.04743083003952569
4 0.8770833333333333 0.5227272727272727 0.011458333333333333 0.05039525691699605
4 0.9536458333333333 0.5306324110671937 0.013541666666666667 0.05533596837944664