3 0.51875 0.575098814229249 0.020833333333333332 0.09189723320158102
3 0.15625 0.5691699604743083 0.03697916666666667 0.08498023715415019
3 0.6625 0.6245059288537549 0.019791666666666666 0.08992094861660078
3 0.36041666666666666 0.6462450592885376 0.035416666666666666 0.09881422924901186
3 0.28541666666666665 0.5385375494071146 0.018229166666666668 0.08498023715415019
3 0.4010416666666667 0.6304347826086957 0.024479166666666666 0.1007905138339921
3 0.24166666666666667 0.5098814229249012 0.025 0.07608695652173914
3 0.375 0.5612648221343873 0.019270833333333334 0.09881422924901186
3 0.640625 0.4723320158102767 0.024479166666666666 0.06818181818181818
3 0.7213541666666666 0.6195652173913043 0.019791666666666666 0.08992094861660078
3 0.8171875 0.4841897233201581 0.019791666666666666 0.06818181818181818
3 0.659375 0.45454545454545453 0.019270833333333334 0.06027667984189723
3 0.8302083333333333 0.4762845849802372 0.0171875 0.06422924901185771
4 0.3182291666666667 0.3448616600790514 0.010416666666666666 0.045454545454545456
4 0.36041666666666666 0.3458498023715415 0.011458333333333333 0.040513833992094864
3 0.565625 0.32707509881422925 0.013020833333333334 0.043478260869565216
4 0.38229166666666664 0.3438735177865613 0.010416666666666666 0.043478260869565216
4 0.10833333333333334 0.3458498023715415 0.011979166666666667 0.046442687747035576
4 0.051041666666666666 0.3616600790513834 0.0125 0.04841897233201581
4 0.0067708333333333336 0.3458498023715415 0.0125 0.05039525691699605
4 0.035416666666666666 0.3616600790513834 0.011979166666666667 0.05138339920948617
4 0.0953125 0.3577075098814229 0.0125 0.04743083003952569
0 0.9359375 0.3883399209486166 0.005208333333333333 0.009881422924901186
4 0.017708333333333333 0.3606719367588933 0.0140625 0.05731225296442688
4 0.24791666666666667 0.34980237154150196 0.0125 0.046442687747035576
1 0.09583333333333334 0.83399209486166 0.013020833333333334 0.012845849802371542
4 0.4010416666666667 0.32608695652173914 0.011458333333333333 0.03260869565217391
0 0.5989583333333334 0.3438735177865613 0.004166666666666667 0.012845849802371542
4 0.017708333333333333 0.34782608695652173 0.010416666666666666 0.05039525691699605
4 0.075 0.3606719367588933 0.0109375 0.04743083003952569
0 0.765625 0.3310276679841897 0.003125 0.007905138339920948
2 0.7119791666666667 0.5978260869565217 0.008854166666666666 0.016798418972332016
3 0.7182291666666667 0.5978260869565217 0.027083333333333334 0.08992094861660078
4 0.29322916666666665 0.34980237154150196 0.009895833333333333 0.043478260869565216
4 0.27447916666666666 0.35079051383399207 0.008854166666666666 0.041501976284584984
4 0.22395833333333334 0.3547430830039526 0.009895833333333333 0.04743083003952569
4 0.175 0.35079051383399207 0.008854166666666666 0.04841897233201581
4 0.14947916666666666 0.3547430830039526 0.009375 0.04743083003952569