3 0.68125 0.6571146245059288 0.0234375 0.09881422924901186
3 0.184375 0.6086956521739131 0.0265625 0.07806324110671936
3 0.23072916666666668 0.5928853754940712 0.036458333333333336 0.0691699604743083
3 0.3651041666666667 0.549407114624506 0.016666666666666666 0.06620553359683795
3 0.49375 0.6650197628458498 0.04635416666666667 0.09486166007905138
3 0.6072916666666667 0.6185770750988142 0.015625 0.09288537549407115
3 0.40572916666666664 0.5237154150197628 0.013541666666666667 0.06620553359683795
4 0.7104166666666667 0.4624505928853755 0.013541666666666667 0.06126482213438735
3 0.5302083333333333 0.6353754940711462 0.015625 0.09090909090909091
3 0.4510416666666667 0.6086956521739131 0.025520833333333333 0.07806324110671936
3 0.553125 0.5760869565217391 0.0265625 0.08399209486166008
3 0.4864583333333333 0.6284584980237155 0.025 0.08300395256916997
0 0.09583333333333334 0.5434782608695652 0.0046875 0.012845849802371542
0 0.6604166666666667 0.48320158102766797 0.005729166666666666 0.009881422924901186
0 0.23645833333333333 0.5059288537549407 0.0046875 0.010869565217391304
0 0.1 0.7658102766798419 0.0078125 0.021739130434782608
0 0.4421875 0.44960474308300397 0.005208333333333333 0.007905138339920948
4 0.9786458333333333 0.48023715415019763 0.014583333333333334 0.042490118577075096
3 0.4635416666666667 0.6254940711462451 0.018229166666666668 0.08102766798418973
3 0.48802083333333335 0.682806324110672 0.0390625 0.09881422924901186
2 0.46822916666666664 0.6442687747035574 0.009895833333333333 0.018774703557312252
3 0.5453125 0.5859683794466403 0.015104166666666667 0.08794466403162056