4 0.052083333333333336 0.8745059288537549 0.0359375 0.1422924901185771
3 0.6192708333333333 0.5602766798418972 0.021875 0.08399209486166008
3 0.19010416666666666 0.5632411067193676 0.027083333333333334 0.08992094861660078
3 0.4197916666666667 0.5474308300395256 0.0234375 0.08794466403162056
3 0.3145833333333333 0.5306324110671937 0.022395833333333334 0.08102766798418973
3 0.35 0.6739130434782609 0.033854166666666664 0.09486166007905138
3 0.3302083333333333 0.6541501976284585 0.0328125 0.09486166007905138
3 0.6708333333333333 0.5711462450592886 0.028645833333333332 0.07608695652173914
3 0.25885416666666666 0.508893280632411 0.022916666666666665 0.07707509881422925
3 0.7536458333333333 0.575098814229249 0.026041666666666668 0.07806324110671936
3 0.7770833333333333 0.5513833992094862 0.025 0.08399209486166008
3 0.8541666666666666 0.45948616600790515 0.018229166666666668 0.07114624505928854
3 0.6239583333333333 0.4723320158102767 0.0265625 0.06620553359683795
3 0.8333333333333334 0.45652173913043476 0.020833333333333332 0.06324110671936758
4 0.3697916666666667 0.3409090909090909 0.010416666666666666 0.044466403162055336
3 0.6354166666666666 0.45454545454545453 0.0171875 0.06620553359683795
4 0.6135416666666667 0.32806324110671936 0.0140625 0.042490118577075096
4 0.11458333333333333 0.35177865612648224 0.013020833333333334 0.04743083003952569
0 0.6489583333333333 0.3438735177865613 0.0046875 0.009881422924901186
4 0.23125 0.3409090909090909 0.0109375 0.04743083003952569
4 0.45 0.3231225296442688 0.009895833333333333 0.029644268774703556
4 0.03333333333333333 0.3557312252964427 0.0140625 0.04940711462450593
4 0.13958333333333334 0.34980237154150196 0.0109375 0.046442687747035576
4 0.078125 0.3359683794466403 0.011458333333333333 0.044466403162055336
0 0.821875 0.3339920948616601 0.0046875 0.008893280632411068
1 0.153125 0.8003952569169961 0.011979166666666667 0.012845849802371542
4 0.009375 0.3468379446640316 0.01875 0.041501976284584984
4 0.058333333333333334 0.3142292490118577 0.013020833333333334 0.036561264822134384
4 0.09375 0.35177865612648224 0.015625 0.05039525691699605
4 0.15520833333333334 0.34782608695652173 0.013020833333333334 0.04743083003952569
4 0.16979166666666667 0.33893280632411066 0.0109375 0.04940711462450593
4 0.029166666666666667 0.31225296442687744 0.0125 0.03458498023715415
2 0.6338541666666667 0.5899209486166008 0.0125 0.011857707509881422
4 0.4328125 0.33992094861660077 0.008854166666666666 0.042490118577075096
4 0.409375 0.34288537549407117 0.008333333333333333 0.041501976284584984
4 0.34375 0.3438735177865613 0.009895833333333333 0.042490118577075096
4 0.3265625 0.3448616600790514 0.009375 0.043478260869565216
4 0.30104166666666665 0.3458498023715415 0.009895833333333333 0.045454545454545456
4 0.2791666666666667 0.34782608695652173 0.008333333333333333 0.04743083003952569
4 0.2078125 0.3468379446640316 0.009375 0.045454545454545456
4 0.10364583333333334 0.35177865612648224 0.009375 0.04841897233201581