3 0.6916666666666667 0.8636363636363636 0.041666666666666664 0.11857707509881422
3 0.5557291666666667 0.6511857707509882 0.033854166666666664 0.07608695652173914
3 0.33645833333333336 0.6857707509881423 0.027604166666666666 0.09189723320158102
3 0.20625 0.6096837944664032 0.021354166666666667 0.08300395256916997
3 0.3177083333333333 0.6007905138339921 0.018229166666666668 0.07707509881422925
3 0.47604166666666664 0.650197628458498 0.0171875 0.09189723320158102
3 0.434375 0.6264822134387352 0.023958333333333335 0.08201581027667984
3 0.23645833333333333 0.575098814229249 0.025 0.06818181818181818
3 0.5713541666666667 0.8241106719367589 0.04479166666666667 0.09782608695652174
3 0.5161458333333333 0.6136363636363636 0.019791666666666666 0.07015810276679842
3 0.5302083333333333 0.8735177865612648 0.041666666666666664 0.10770750988142293
3 0.409375 0.6027667984189723 0.015625 0.07608695652173914
3 0.5463541666666667 0.8863636363636364 0.025 0.116600790513834
4 0.9953125 0.5375494071146245 0.009375 0.06126482213438735
0 0.042708333333333334 0.741106719367589 0.0078125 0.018774703557312252
0 0.09166666666666666 0.5424901185770751 0.0046875 0.011857707509881422
4 0.6223958333333334 0.475296442687747 0.010416666666666666 0.04940711462450593
0 0.5791666666666667 0.49407114624505927 0.0046875 0.008893280632411068
0 0.2203125 0.5098814229249012 0.005208333333333333 0.009881422924901186
4 0.8875 0.5237154150197628 0.013541666666666667 0.05237154150197629
4 0.8114583333333333 0.5039525691699605 0.0109375 0.05237154150197629
4 0.859375 0.5197628458498024 0.013020833333333334 0.05434782608695652
0 0.40260416666666665 0.4644268774703557 0.005208333333333333 0.008893280632411068
4 0.8369791666666667 0.49110671936758893 0.013541666666666667 0.039525691699604744
3 0.5072916666666667 0.6343873517786561 0.015104166666666667 0.0800395256916996
4 0.9151041666666667 0.5276679841897233 0.0125 0.05039525691699605
4 0.9484375 0.5276679841897233 0.017708333333333333 0.06126482213438735
2 0.5442708333333334 0.8962450592885376 0.013020833333333334 0.014822134387351778