3 0.36666666666666664 0.7806324110671937 0.03697916666666667 0.09980237154150198
3 0.39739583333333334 0.7707509881422925 0.030208333333333334 0.09881422924901186
3 0.4864583333333333 0.900197628458498 0.05 0.1274703557312253
3 0.25677083333333334 0.5533596837944664 0.015625 0.07015810276679842
3 0.4046875 0.5543478260869565 0.011979166666666667 0.06719367588932806
3 0.15260416666666668 0.6650197628458498 0.022916666666666665 0.08498023715415019
3 0.37604166666666666 0.541501976284585 0.013541666666666667 0.06225296442687747
3 0.32916666666666666 0.5790513833992095 0.019270833333333334 0.06324110671936758
3 0.7395833333333334 0.7835968379446641 0.025520833333333333 0.1007905138339921
3 0.2916666666666667 0.5790513833992095 0.016145833333333335 0.07114624505928854
3 0.46770833333333334 0.91600790513834 0.04375 0.12845849802371542
3 0.30364583333333334 0.541501976284585 0.018229166666666668 0.05533596837944664
4 0.9708333333333333 0.5592885375494071 0.018229166666666668 0.07213438735177866
3 0.13697916666666668 0.6482213438735178 0.017708333333333333 0.07905138339920949
3 0.7583333333333333 0.7875494071146245 0.025520833333333333 0.10869565217391304
4 0.7677083333333333 0.5118577075098815 0.013020833333333334 0.05237154150197629
4 0.9286458333333333 0.5533596837944664 0.015625 0.06324110671936758
4 0.8989583333333333 0.549407114624506 0.016145833333333335 0.05731225296442688
4 0.6494791666666667 0.4782608695652174 0.010416666666666666 0.04940711462450593
0 0.6078125 0.49604743083003955 0.005208333333333333 0.008893280632411068
0 0.14270833333333333 0.5069169960474308 0.0046875 0.009881422924901186
4 0.8796875 0.5128458498023716 0.011979166666666667 0.038537549407114624
0 0.009375 0.5335968379446641 0.0046875 0.008893280632411068
0 0.26458333333333334 0.48616600790513836 0.0046875 0.008893280632411068
0 0.46197916666666666 0.45652173913043476 0.005208333333333333 0.007905138339920948
4 0.8682291666666667 0.541501976284585 0.010416666666666666 0.05533596837944664
2 0.45208333333333334 0.9051383399209486 0.013020833333333334 0.015810276679841896