3 0.5739583333333333 0.6818181818181818 0.0203125 0.10177865612648221
3 0.6041666666666666 0.5573122529644269 0.017708333333333333 0.0800395256916996
3 0.5322916666666667 0.6600790513833992 0.028645833333333332 0.08893280632411067
3 0.5010416666666667 0.6245059288537549 0.018229166666666668 0.08893280632411067
3 0.4552083333333333 0.5889328063241107 0.017708333333333333 0.08695652173913043
3 0.359375 0.5849802371541502 0.021354166666666667 0.08102766798418973
3 0.6645833333333333 0.6195652173913043 0.025520833333333333 0.08695652173913043
3 0.684375 0.549407114624506 0.015625 0.07015810276679842
3 0.5291666666666667 0.5454545454545454 0.019270833333333334 0.08399209486166008
3 0.41770833333333335 0.6007905138339921 0.013541666666666667 0.08992094861660078
3 0.7463541666666667 0.7608695652173914 0.022916666666666665 0.11758893280632411
3 0.703125 0.525691699604743 0.015625 0.06818181818181818
4 0.17708333333333334 0.475296442687747 0.0140625 0.06324110671936758
3 0.7291666666666666 0.6521739130434783 0.0171875 0.08794466403162056
3 0.7296875 0.7213438735177866 0.021875 0.1067193675889328
0 0.8473958333333333 0.7351778656126482 0.007291666666666667 0.014822134387351778
0 0.23072916666666668 0.49407114624505927 0.00625 0.010869565217391304
0 0.796875 0.525691699604743 0.005729166666666666 0.009881422924901186
0 0.9520833333333333 0.5701581027667985 0.005729166666666666 0.011857707509881422
0 0.4510416666666667 0.4505928853754941 0.00625 0.009881422924901186
2 0.69375 0.808300395256917 0.0125 0.014822134387351778
0 0.6625 0.49604743083003955 0.004166666666666667 0.012845849802371542