3 0.45729166666666665 0.6739130434782609 0.026041666666666668 0.09189723320158102
3 0.38125 0.6966403162055336 0.028645833333333332 0.10375494071146245
3 0.34739583333333335 0.5652173913043478 0.01875 0.08300395256916997
3 0.5989583333333334 0.5800395256916996 0.016145833333333335 0.08498023715415019
3 0.42864583333333334 0.5464426877470355 0.013541666666666667 0.07707509881422925
3 0.25416666666666665 0.6571146245059288 0.016666666666666666 0.09486166007905138
3 0.26979166666666665 0.5652173913043478 0.0171875 0.07213438735177866
3 0.5088541666666667 0.5948616600790514 0.021875 0.08794466403162056
3 0.25 0.5395256916996047 0.016145833333333335 0.07312252964426877
3 0.3177083333333333 0.6126482213438735 0.016666666666666666 0.0800395256916996
3 0.5510416666666667 0.6047430830039525 0.0171875 0.08596837944664032
4 0.7916666666666666 0.4733201581027668 0.0140625 0.06324110671936758
3 0.475 0.6225296442687747 0.020833333333333332 0.08498023715415019
3 0.24166666666666667 0.7687747035573123 0.03333333333333333 0.11462450592885376
0 0.1125 0.7391304347826086 0.0078125 0.019762845849802372
0 0.008333333333333333 0.5731225296442688 0.005729166666666666 0.012845849802371542
0 0.16875 0.5276679841897233 0.005729166666666666 0.011857707509881422
0 0.7375 0.49110671936758893 0.005729166666666666 0.009881422924901186
3 0.24322916666666666 0.7262845849802372 0.023958333333333335 0.09486166007905138
0 0.3067708333333333 0.49604743083003955 0.005208333333333333 0.009881422924901186
2 0.26875 0.8142292490118577 0.0125 0.011857707509881422
0 0.5197916666666667 0.4505928853754941 0.005729166666666666 0.008893280632411068