3 0.278125 0.758893280632411 0.0296875 0.09980237154150198
3 0.4395833333333333 0.7944664031620553 0.043229166666666666 0.11363636363636363
3 0.9854166666666667 0.7124505928853755 0.028125 0.09486166007905138
4 0.2947916666666667 0.9525691699604744 0.034895833333333334 0.09288537549407115
3 0.6536458333333334 0.8695652173913043 0.028125 0.17094861660079053
3 0.8015625 0.8073122529644269 0.029166666666666667 0.09881422924901186
3 0.228125 0.7470355731225297 0.04114583333333333 0.09189723320158102
4 0.06770833333333333 0.9466403162055336 0.0203125 0.10573122529644269
4 0.0234375 0.9189723320158103 0.036458333333333336 0.13932806324110672
3 0.54375 0.6818181818181818 0.021354166666666667 0.07806324110671936
3 0.5130208333333334 0.6363636363636364 0.015625 0.08201581027667984
3 0.4583333333333333 0.7381422924901185 0.023958333333333335 0.09486166007905138
3 0.55 0.6225296442687747 0.0203125 0.07015810276679842
3 0.5645833333333333 0.6363636363636364 0.016145833333333335 0.07905138339920949
1 0.21770833333333334 0.9090909090909091 0.011979166666666667 0.014822134387351778
4 0.8640625 0.4901185770750988 0.011979166666666667 0.036561264822134384
0 0.22864583333333333 0.45652173913043476 0.005208333333333333 0.008893280632411068
4 0.4546875 0.41798418972332013 0.008333333333333333 0.029644268774703556
4 0.4588541666666667 0.4634387351778656 0.009375 0.04841897233201581
4 0.47239583333333335 0.466403162055336 0.009375 0.045454545454545456
4 0.4822916666666667 0.4654150197628458 0.0078125 0.045454545454545456
4 0.009375 0.9525691699604744 0.018229166666666668 0.09486166007905138
4 0.8145833333333333 0.5079051383399209 0.011979166666666667 0.05138339920948617
4 0.7885416666666667 0.5069169960474308 0.0140625 0.044466403162055336
4 0.7760416666666666 0.49209486166007904 0.013541666666666667 0.05138339920948617
4 0.7640625 0.5019762845849802 0.011979166666666667 0.05039525691699605
4 0.7395833333333334 0.49407114624505927 0.015625 0.05039525691699605
4 0.7010416666666667 0.49407114624505927 0.009375 0.04940711462450593
4 0.6854166666666667 0.49209486166007904 0.011458333333333333 0.04743083003952569
4 0.6755208333333333 0.4851778656126482 0.011979166666666667 0.04841897233201581
4 0.63125 0.4871541501976285 0.008854166666666666 0.05039525691699605
4 0.5901041666666667 0.4792490118577075 0.007291666666666667 0.05039525691699605
4 0.5354166666666667 0.45948616600790515 0.011979166666666667 0.045454545454545456
4 0.5161458333333333 0.47035573122529645 0.0078125 0.044466403162055336
4 0.5026041666666666 0.46936758893280633 0.0078125 0.042490118577075096
0 0.3770833333333333 0.475296442687747 0.004166666666666667 0.009881422924901186