3 0.5432291666666667 0.6561264822134387 0.028125 0.0741106719367589
3 0.44895833333333335 0.6343873517786561 0.0265625 0.06818181818181818
3 0.6276041666666666 0.6946640316205533 0.027083333333333334 0.0800395256916996
3 0.6614583333333334 0.6877470355731226 0.01875 0.07114624505928854
3 0.6875 0.5474308300395256 0.0125 0.058300395256917
3 0.640625 0.6175889328063241 0.016145833333333335 0.06225296442687747
3 0.6614583333333334 0.5652173913043478 0.013541666666666667 0.05632411067193676
3 0.5791666666666667 0.5434782608695652 0.011458333333333333 0.05928853754940711
3 0.5088541666666667 0.5741106719367589 0.015625 0.06324110671936758
3 0.4921875 0.5859683794466403 0.01875 0.05731225296442688
3 0.4395833333333333 0.5652173913043478 0.015104166666666667 0.06521739130434782
4 0.31875 0.4762845849802372 0.011979166666666667 0.044466403162055336
3 0.453125 0.5790513833992095 0.016145833333333335 0.06225296442687747
0 0.7713541666666667 0.6709486166007905 0.00625 0.015810276679841896
0 0.9416666666666667 0.5770750988142292 0.005208333333333333 0.012845849802371542
0 0.3541666666666667 0.49110671936758893 0.0046875 0.007905138339920948
4 0.042708333333333334 0.5237154150197628 0.011458333333333333 0.044466403162055336
4 0.017708333333333333 0.5247035573122529 0.013541666666666667 0.05533596837944664
4 0.12291666666666666 0.49407114624505927 0.0140625 0.037549407114624504
0 0.14270833333333333 0.40118577075098816 0.005208333333333333 0.014822134387351778
2 0.6552083333333333 0.724308300395257 0.008854166666666666 0.007905138339920948
3 0.6135416666666667 0.5810276679841897 0.016666666666666666 0.05237154150197629
3 0.6104166666666667 0.5523715415019763 0.011458333333333333 0.06027667984189723
0 0.6546875 0.4980237154150198 0.005208333333333333 0.008893280632411068
0 0.7515625 0.5227272727272727 0.004166666666666667 0.007905138339920948
4 0.10677083333333333 0.516798418972332 0.009895833333333333 0.04841897233201581
4 0.07604166666666666 0.5237154150197628 0.0109375 0.044466403162055336
4 0.03697916666666667 0.5158102766798419 0.0067708333333333336 0.04940711462450593