3 0.31875 0.6571146245059288 0.0234375 0.09881422924901186
3 0.815625 0.6086956521739131 0.0265625 0.07806324110671936
3 0.7692708333333333 0.5928853754940712 0.036458333333333336 0.0691699604743083
3 0.6348958333333333 0.549407114624506 0.016666666666666666 0.06620553359683795
3 0.50625 0.6650197628458498 0.04635416666666667 0.09486166007905138
3 0.3927083333333333 0.6185770750988142 0.015625 0.09288537549407115
3 0.5942708333333333 0.5237154150197628 0.013541666666666667 0.06620553359683795
4 0.28958333333333336 0.4624505928853755 0.013541666666666667 0.06126482213438735
3 0.46979166666666666 0.6353754940711462 0.015625 0.09090909090909091
3 0.5489583333333333 0.6086956521739131 0.025520833333333333 0.07806324110671936
3 0.446875 0.5760869565217391 0.0265625 0.08399209486166008
3 0.5135416666666667 0.6284584980237155 0.025 0.08300395256916997
0 0.9041666666666667 0.5434782608695652 0.0046875 0.012845849802371542
0 0.33958333333333335 0.48320158102766797 0.005729166666666666 0.009881422924901186
0 0.7635416666666667 0.5059288537549407 0.0046875 0.010869565217391304
0 0.9 0.7658102766798419 0.0078125 0.021739130434782608
0 0.5578125 0.44960474308300397 0.005208333333333333 0.007905138339920948
4 0.021354166666666667 0.48023715415019763 0.014583333333333334 0.042490118577075096
3 0.5364583333333334 0.6254940711462451 0.018229166666666668 0.08102766798418973
3 0.5119791666666667 0.682806324110672 0.0390625 0.09881422924901186
2 0.5317708333333333 0.6442687747035574 0.009895833333333333 0.018774703557312252
3 0.4546875 0.5859683794466403 0.015104166666666667 0.08794466403162056