3 0.31666666666666665 0.5820158102766798 0.0328125 0.08695652173913043
3 0.41822916666666665 0.5948616600790514 0.026041666666666668 0.09189723320158102
3 0.8557291666666667 0.6057312252964426 0.023958333333333335 0.08300395256916997
3 0.878125 0.5889328063241107 0.0234375 0.08794466403162056
3 0.5302083333333333 0.6363636363636364 0.028645833333333332 0.08695652173913043
3 0.7614583333333333 0.49703557312252966 0.013541666666666667 0.06521739130434782
3 0.73125 0.658102766798419 0.0328125 0.08992094861660078
3 0.7135416666666666 0.6650197628458498 0.03125 0.09782608695652174
3 0.3848958333333333 0.5444664031620553 0.019791666666666666 0.07707509881422925
3 0.7333333333333333 0.5217391304347826 0.013020833333333334 0.06818181818181818
3 0.40729166666666666 0.5573122529644269 0.022916666666666665 0.07213438735177866
4 0.3203125 0.39920948616600793 0.009375 0.046442687747035576
3 0.6604166666666667 0.6245059288537549 0.022395833333333334 0.09090909090909091
4 0.3828125 0.39920948616600793 0.010416666666666666 0.041501976284584984
4 0.3614583333333333 0.40118577075098816 0.0109375 0.039525691699604744
1 0.09270833333333334 0.8932806324110671 0.013020833333333334 0.014822134387351778
3 0.5395833333333333 0.5948616600790514 0.0203125 0.08794466403162056
4 0.5645833333333333 0.383399209486166 0.015625 0.042490118577075096
4 0.225 0.41007905138339923 0.009375 0.04841897233201581
4 0.008333333333333333 0.39822134387351776 0.011979166666666667 0.04940711462450593
0 0.9364583333333333 0.441699604743083 0.0046875 0.009881422924901186
4 0.051041666666666666 0.41699604743083 0.011979166666666667 0.04841897233201581
0 0.5984375 0.39920948616600793 0.005208333333333333 0.008893280632411068
4 0.11041666666666666 0.40118577075098816 0.0109375 0.046442687747035576
0 0.7640625 0.38537549407114624 0.004166666666666667 0.008893280632411068
4 0.07864583333333333 0.4150197628458498 0.0125 0.04841897233201581
4 0.4010416666666667 0.3814229249011858 0.0125 0.03359683794466403
4 0.09583333333333334 0.41304347826086957 0.011458333333333333 0.04940711462450593
4 0.03854166666666667 0.4199604743083004 0.011979166666666667 0.05039525691699605
4 0.021875 0.41699604743083 0.014583333333333334 0.0533596837944664
2 0.70625 0.6343873517786561 0.0109375 0.019762845849802372
3 0.5453125 0.6096837944664032 0.022395833333333334 0.08498023715415019
4 0.29375 0.4051383399209486 0.009895833333333333 0.044466403162055336
4 0.2765625 0.4051383399209486 0.010416666666666666 0.041501976284584984
4 0.24895833333333334 0.40711462450592883 0.010416666666666666 0.044466403162055336
4 0.17604166666666668 0.4061264822134387 0.010416666666666666 0.046442687747035576
4 0.15052083333333333 0.41007905138339923 0.010416666666666666 0.04940711462450593