4 0.07760416666666667 0.8567193675889329 0.03333333333333333 0.14031620553359683
3 0.465625 0.5316205533596838 0.029166666666666667 0.08596837944664032
4 0.020833333333333332 0.8567193675889329 0.041666666666666664 0.1482213438735178
3 0.25104166666666666 0.541501976284585 0.0265625 0.08794466403162056
3 0.8072916666666666 0.5276679841897233 0.022916666666666665 0.08201581027667984
3 0.37083333333333335 0.5069169960474308 0.019270833333333334 0.08300395256916997
3 0.6916666666666667 0.5405138339920948 0.020833333333333332 0.07509881422924901
3 0.29583333333333334 0.508893280632411 0.019791666666666666 0.07707509881422925
3 0.7708333333333334 0.5602766798418972 0.0203125 0.08893280632411067
3 0.659375 0.5385375494071146 0.019270833333333334 0.07509881422924901
3 0.6229166666666667 0.466403162055336 0.021354166666666667 0.07114624505928854
3 0.8427083333333333 0.45553359683794464 0.018229166666666668 0.07114624505928854
2 0.4822916666666667 0.6462450592885376 0.0125 0.012845849802371542
3 0.825 0.44565217391304346 0.021354166666666667 0.06719367588932806
3 0.35104166666666664 0.6719367588932806 0.0453125 0.07608695652173914
4 0.340625 0.33992094861660077 0.0109375 0.042490118577075096
4 0.6291666666666667 0.325098814229249 0.009895833333333333 0.041501976284584984
4 0.35885416666666664 0.33992094861660077 0.010416666666666666 0.041501976284584984
4 0.3848958333333333 0.3349802371541502 0.011458333333333333 0.046442687747035576
4 0.315625 0.3409090909090909 0.0125 0.045454545454545456
4 0.4239583333333333 0.33695652173913043 0.0109375 0.039525691699604744
4 0.15572916666666667 0.3438735177865613 0.011458333333333333 0.044466403162055336
0 0.6630208333333333 0.34189723320158105 0.004166666666666667 0.008893280632411068
4 0.134375 0.3458498023715415 0.0109375 0.044466403162055336
4 0.18645833333333334 0.33300395256917 0.0109375 0.04743083003952569
4 0.06145833333333333 0.30335968379446643 0.0109375 0.039525691699604744
4 0.09479166666666666 0.32806324110671936 0.011979166666666667 0.05138339920948617
4 0.46458333333333335 0.3211462450592885 0.009895833333333333 0.03359683794466403
4 0.225 0.34189723320158105 0.011458333333333333 0.045454545454545456
4 0.07916666666666666 0.30632411067193677 0.011458333333333333 0.03260869565217391
0 0.8380208333333333 0.3339920948616601 0.0046875 0.008893280632411068
4 0.24791666666666667 0.33794466403162055 0.009895833333333333 0.04841897233201581
4 0.1734375 0.34189723320158105 0.0125 0.046442687747035576
4 0.10729166666666666 0.3438735177865613 0.015104166666666667 0.04841897233201581
4 0.05364583333333333 0.34782608695652173 0.014583333333333334 0.05039525691699605
1 0.175 0.7885375494071146 0.011979166666666667 0.015810276679841896
3 0.3494791666666667 0.6452569169960475 0.03229166666666667 0.07905138339920949
3 0.6239583333333333 0.44367588932806323 0.022395833333333334 0.058300395256917
4 0.446875 0.33794466403162055 0.008333333333333333 0.042490118577075096
4 0.2942708333333333 0.34288537549407117 0.009895833333333333 0.045454545454545456
4 0.121875 0.3458498023715415 0.011458333333333333 0.042490118577075096