3 0.5010416666666667 0.6897233201581028 0.0359375 0.10375494071146245
3 0.6114583333333333 0.6620553359683794 0.019270833333333334 0.10869565217391304
3 0.6479166666666667 0.5790513833992095 0.022916666666666665 0.08893280632411067
3 0.6572916666666667 0.5197628458498024 0.019270833333333334 0.06818181818181818
3 0.428125 0.5632411067193676 0.024479166666666666 0.08695652173913043
3 0.4588541666666667 0.6086956521739131 0.01875 0.08893280632411067
3 0.4666666666666667 0.575098814229249 0.022395833333333334 0.07905138339920949
3 0.6838541666666667 0.5158102766798419 0.016666666666666666 0.06620553359683795
4 0.030208333333333334 0.4634387351778656 0.0140625 0.05533596837944664
3 0.5416666666666666 0.5118577075098815 0.014583333333333334 0.07806324110671936
3 0.35625 0.5770750988142292 0.021875 0.09288537549407115
3 0.5453125 0.6067193675889329 0.050520833333333334 0.08201581027667984
4 0.07135416666666666 0.4575098814229249 0.0109375 0.058300395256917
3 0.38385416666666666 0.5988142292490118 0.016145833333333335 0.09881422924901186
4 0.34375 0.41699604743083 0.011979166666666667 0.05632411067193676
0 0.9322916666666666 0.5009881422924901 0.005729166666666666 0.01383399209486166
0 0.925 0.7154150197628458 0.008333333333333333 0.018774703557312252
0 0.7942708333333334 0.4614624505928854 0.005208333333333333 0.009881422924901186
2 0.5630208333333333 0.6086956521739131 0.0109375 0.015810276679841896
0 0.38958333333333334 0.4367588932806324 0.0046875 0.009881422924901186
0 0.596875 0.40810276679841895 0.0046875 0.009881422924901186
3 0.5453125 0.6235177865612648 0.030729166666666665 0.09782608695652174
3 0.3645833333333333 0.5928853754940712 0.020833333333333332 0.09782608695652174
4 0.09895833333333333 0.4288537549407115 0.0109375 0.039525691699604744