3 0.6567708333333333 0.5810276679841897 0.017708333333333333 0.07213438735177866
3 0.39895833333333336 0.700592885375494 0.0265625 0.11067193675889328
3 0.5723958333333333 0.6699604743083004 0.023958333333333335 0.10375494071146245
3 0.7020833333333333 0.5810276679841897 0.023958333333333335 0.07015810276679842
3 0.4947916666666667 0.6067193675889329 0.019270833333333334 0.08596837944664032
3 0.7317708333333334 0.5780632411067194 0.027083333333333334 0.06719367588932806
3 0.45625 0.6442687747035574 0.020833333333333332 0.09387351778656126
3 0.525 0.6679841897233202 0.042708333333333334 0.10869565217391304
4 0.3125 0.46047430830039526 0.013020833333333334 0.06126482213438735
3 0.40625 0.6037549407114624 0.019270833333333334 0.09090909090909091
3 0.4630208333333333 0.6146245059288538 0.021875 0.08992094861660078
3 0.390625 0.6324110671936759 0.019270833333333334 0.10276679841897234
0 0.9244791666666666 0.7707509881422925 0.008333333333333333 0.019762845849802372
0 0.9296875 0.5464426877470355 0.005208333333333333 0.011857707509881422
0 0.3614583333333333 0.48221343873517786 0.005208333333333333 0.010869565217391304
3 0.5541666666666667 0.5306324110671937 0.013541666666666667 0.0691699604743083
0 0.7869791666666667 0.5059288537549407 0.005208333333333333 0.011857707509881422
0 0.58125 0.4505928853754941 0.005208333333333333 0.008893280632411068
4 0.04895833333333333 0.4743083003952569 0.018229166666666668 0.04940711462450593
2 0.5375 0.6778656126482213 0.009375 0.014822134387351778
3 0.3953125 0.6007905138339921 0.016666666666666666 0.09288537549407115
4 0.017708333333333333 0.5069169960474308 0.013541666666666667 0.06422924901185771