3 0.7 0.7065217391304348 0.0328125 0.10474308300395258
3 0.6911458333333333 0.6007905138339921 0.023958333333333335 0.08399209486166008
3 0.42239583333333336 0.5079051383399209 0.016666666666666666 0.08498023715415019
4 0.15208333333333332 0.9407114624505929 0.029166666666666667 0.116600790513834
3 0.2604166666666667 0.48616600790513836 0.016666666666666666 0.06620553359683795
3 0.559375 0.558300395256917 0.021875 0.08102766798418973
3 0.3072916666666667 0.5197628458498024 0.016145833333333335 0.08300395256916997
3 0.4583333333333333 0.4950592885375494 0.015104166666666667 0.08300395256916997
3 0.3572916666666667 0.49308300395256915 0.019270833333333334 0.07509881422924901
3 0.6067708333333334 0.4980237154150198 0.015625 0.07806324110671936
3 0.39947916666666666 0.4624505928853755 0.016666666666666666 0.0691699604743083
3 0.30104166666666665 0.4397233201581028 0.015625 0.0691699604743083
3 0.5875 0.5662055335968379 0.029166666666666667 0.08102766798418973
3 0.35208333333333336 0.4278656126482213 0.021875 0.06521739130434782
4 0.2520833333333333 0.9762845849802372 0.028645833333333332 0.045454545454545456
4 0.18645833333333334 0.9555335968379447 0.028645833333333332 0.08695652173913043
2 0.6875 0.7035573122529645 0.014583333333333334 0.018774703557312252
3 0.6203125 0.4881422924901186 0.013541666666666667 0.07707509881422925
4 0.846875 0.37648221343873517 0.015104166666666667 0.05731225296442688
4 0.7041666666666667 0.36264822134387353 0.0125 0.05138339920948617
4 0.9677083333333333 0.40118577075098816 0.0140625 0.06225296442687747
4 0.9453125 0.39920948616600793 0.016666666666666666 0.05237154150197629
4 0.778125 0.37549407114624506 0.011979166666666667 0.05434782608695652
0 0.425 0.33201581027667987 0.0036458333333333334 0.009881422924901186
4 0.728125 0.36561264822134387 0.0140625 0.04841897233201581
4 0.8734375 0.38636363636363635 0.013541666666666667 0.05731225296442688
1 0.259375 0.8705533596837944 0.011458333333333333 0.015810276679841896
4 0.68125 0.35177865612648224 0.0109375 0.04743083003952569
0 0.121875 0.34189723320158105 0.0046875 0.010869565217391304
0 0.0020833333333333333 0.366600790513834 0.0036458333333333334 0.011857707509881422
4 0.628125 0.3300395256916996 0.011979166666666667 0.03458498023715415
4 0.7536458333333333 0.3705533596837945 0.011979166666666667 0.05138339920948617
4 0.6130208333333333 0.34980237154150196 0.008333333333333333 0.043478260869565216
4 0.6364583333333333 0.35375494071146246 0.008854166666666666 0.039525691699604744
4 0.6645833333333333 0.3577075098814229 0.009895833333333333 0.044466403162055336
4 0.953125 0.3824110671936759 0.011458333333333333 0.05237154150197629
4 0.9442708333333333 0.3794466403162055 0.011458333333333333 0.05731225296442688