3 0.6552083333333333 0.7905138339920948 0.025520833333333333 0.116600790513834
3 0.47604166666666664 0.7509881422924901 0.0234375 0.10375494071146245
3 0.7895833333333333 0.7509881422924901 0.0203125 0.10770750988142293
3 0.8390625 0.7134387351778656 0.029166666666666667 0.10474308300395258
4 0.428125 0.9387351778656127 0.022395833333333334 0.11956521739130435
3 0.684375 0.6798418972332015 0.021354166666666667 0.08201581027667984
3 0.7802083333333333 0.9239130434782609 0.03177083333333333 0.15019762845849802
3 0.565625 0.6541501976284585 0.018229166666666668 0.09189723320158102
4 0.35572916666666665 0.782608695652174 0.021875 0.10968379446640317
4 0.346875 0.8300395256916996 0.018229166666666668 0.11363636363636363
4 0.3067708333333333 0.8221343873517787 0.01875 0.11956521739130435
4 0.31354166666666666 0.6936758893280632 0.019791666666666666 0.10573122529644269
4 0.2760416666666667 0.7262845849802372 0.024479166666666666 0.10276679841897234
1 0.47239583333333335 0.8626482213438735 0.008333333333333333 0.015810276679841896
4 0.28072916666666664 0.8003952569169961 0.018229166666666668 0.11758893280632411
0 0.9447916666666667 0.5128458498023716 0.005729166666666666 0.011857707509881422
0 0.353125 0.5849802371541502 0.005729166666666666 0.012845849802371542
0 0.47760416666666666 0.48616600790513836 0.004166666666666667 0.008893280632411068
0 0.37083333333333335 0.49407114624505927 0.0036458333333333334 0.009881422924901186
0 0.3145833333333333 0.5019762845849802 0.005729166666666666 0.010869565217391304
0 0.7921875 0.4634387351778656 0.0046875 0.007905138339920948
4 0.9947916666666666 0.5 0.009375 0.06422924901185771
4 0.3229166666666667 0.7401185770750988 0.025 0.11067193675889328
2 0.5723958333333333 0.6709486166007905 0.008333333333333333 0.00691699604743083
3 0.559375 0.6413043478260869 0.022916666666666665 0.06027667984189723
0 0.565625 0.4772727272727273 0.0026041666666666665 0.007905138339920948