3 0.9729166666666667 0.8359683794466403 0.0265625 0.11363636363636363
4 0.3890625 0.866600790513834 0.030208333333333334 0.13438735177865613
3 0.596875 0.6373517786561265 0.03802083333333333 0.08102766798418973
3 0.8567708333333334 0.6442687747035574 0.029166666666666667 0.07806324110671936
3 0.9494791666666667 0.6640316205533597 0.034375 0.08893280632411067
3 0.6333333333333333 0.6857707509881423 0.025520833333333333 0.08794466403162056
3 0.9239583333333333 0.6521739130434783 0.021354166666666667 0.07509881422924901
4 0.16770833333333332 0.8300395256916996 0.019270833333333334 0.1225296442687747
4 0.12239583333333333 0.8399209486166008 0.026041666666666668 0.12450592885375494
4 0.12083333333333333 0.7509881422924901 0.020833333333333332 0.09486166007905138
4 0.203125 0.8211462450592886 0.022916666666666665 0.11857707509881422
1 0.3072916666666667 0.8092885375494071 0.011979166666666667 0.01383399209486166
4 0.0921875 0.7391304347826086 0.023958333333333335 0.10177865612648221
4 0.7927083333333333 0.48023715415019763 0.015104166666666667 0.03162055335968379
2 0.5557291666666667 0.466403162055336 0.011979166666666667 0.011857707509881422