3 0.303125 0.7015810276679841 0.027604166666666666 0.08992094861660078
4 0.6072916666666667 0.8774703557312253 0.024479166666666666 0.14130434782608695
3 0.36041666666666666 0.6462450592885376 0.022916666666666665 0.08102766798418973
3 0.06979166666666667 0.6511857707509882 0.021354166666666667 0.08102766798418973
3 0.15260416666666668 0.6383399209486166 0.015625 0.07312252964426877
3 0.09114583333333333 0.6363636363636364 0.020833333333333332 0.0741106719367589
4 0.8890625 0.8735177865612648 0.022395833333333334 0.12450592885375494
4 0.8083333333333333 0.8537549407114624 0.025520833333333333 0.11956521739130435
4 0.84375 0.8626482213438735 0.0203125 0.13043478260869565
4 0.9114583333333334 0.7964426877470355 0.022395833333333334 0.11758893280632411
4 0.9364583333333333 0.808300395256917 0.027604166666666666 0.11264822134387352
0 0.03854166666666667 0.5237154150197628 0.00625 0.008893280632411068
1 0.7052083333333333 0.8300395256916996 0.009895833333333333 0.012845849802371542
4 0.5390625 0.46047430830039526 0.009375 0.038537549407114624
4 0.278125 0.475296442687747 0.009375 0.025691699604743084
4 0.5854166666666667 0.4644268774703557 0.009895833333333333 0.041501976284584984
4 0.6020833333333333 0.45948616600790515 0.0109375 0.04940711462450593
0 0.81875 0.4654150197628458 0.0046875 0.008893280632411068
4 0.08854166666666667 0.49604743083003955 0.011458333333333333 0.04743083003952569
4 0.8192708333333333 0.8221343873517787 0.018229166666666668 0.11462450592885376
4 0.9458333333333333 0.782608695652174 0.024479166666666666 0.12351778656126482
2 0.2598958333333333 0.5642292490118577 0.014583333333333334 0.01383399209486166
4 0.3072916666666667 0.4891304347826087 0.009375 0.040513833992094864
4 0.3302083333333333 0.4891304347826087 0.009895833333333333 0.03557312252964427
4 0.3421875 0.4772727272727273 0.00625 0.037549407114624504
4 0.34791666666666665 0.4851778656126482 0.005208333333333333 0.039525691699604744
4 0.3703125 0.48320158102766797 0.009375 0.046442687747035576
4 0.3958333333333333 0.48616600790513836 0.008333333333333333 0.03162055335968379
4 0.4119791666666667 0.48122529644268774 0.008854166666666666 0.038537549407114624
4 0.42083333333333334 0.4762845849802372 0.0078125 0.040513833992094864
4 0.4546875 0.4782608695652174 0.008333333333333333 0.042490118577075096
4 0.5083333333333333 0.47134387351778656 0.0078125 0.037549407114624504
4 0.5526041666666667 0.46936758893280633 0.00625 0.036561264822134384
4 0.565625 0.4673913043478261 0.007291666666666667 0.038537549407114624
4 0.5916666666666667 0.4654150197628458 0.005208333333333333 0.038537549407114624
0 0.6776041666666667 0.4772727272727273 0.0036458333333333334 0.009881422924901186