3 0.678125 0.5652173913043478 0.019270833333333334 0.09189723320158102
3 0.2994791666666667 0.7055335968379447 0.03854166666666667 0.11462450592885376
3 0.734375 0.5158102766798419 0.019270833333333334 0.07213438735177866
3 0.32916666666666666 0.642292490118577 0.03802083333333333 0.10474308300395258
3 0.4479166666666667 0.5948616600790514 0.03333333333333333 0.08794466403162056
3 0.6223958333333334 0.48221343873517786 0.021875 0.07707509881422925
3 0.571875 0.5 0.018229166666666668 0.08498023715415019
3 0.41458333333333336 0.5 0.0171875 0.0800395256916996
4 0.840625 0.9436758893280632 0.030729166666666665 0.11067193675889328
3 0.709375 0.44466403162055335 0.025520833333333333 0.0691699604743083
3 0.671875 0.4308300395256917 0.025 0.06225296442687747
3 0.47291666666666665 0.5849802371541502 0.0296875 0.07608695652173914
3 0.540625 0.4901185770750988 0.014583333333333334 0.0800395256916996
3 0.396875 0.4901185770750988 0.0171875 0.07608695652173914
3 0.6010416666666667 0.45652173913043476 0.018229166666666668 0.07213438735177866
4 0.80625 0.958498023715415 0.027083333333333334 0.08102766798418973
4 0.7401041666666667 0.9782608695652174 0.027604166666666666 0.041501976284584984
4 0.12395833333333334 0.3883399209486166 0.013020833333333334 0.05533596837944664
4 0.05572916666666667 0.40019762845849804 0.016145833333333335 0.05533596837944664
4 0.15104166666666666 0.3784584980237154 0.015104166666666667 0.05731225296442688
4 0.24375 0.3715415019762846 0.0125 0.05237154150197629
1 0.7348958333333333 0.8735177865612648 0.010416666666666666 0.016798418972332016
4 0.030208333333333334 0.40118577075098816 0.014583333333333334 0.06225296442687747
4 0.21875 0.3774703557312253 0.011979166666666667 0.05434782608695652
4 0.29375 0.36462450592885376 0.011979166666666667 0.05138339920948617
0 0.5734375 0.33300395256917 0.004166666666666667 0.007905138339920948
4 0.2708333333333333 0.3675889328063241 0.013020833333333334 0.04841897233201581
4 0.18541666666666667 0.383399209486166 0.019270833333333334 0.029644268774703556
0 0.996875 0.3675889328063241 0.0046875 0.009881422924901186
4 0.3177083333333333 0.35177865612648224 0.010416666666666666 0.044466403162055336
4 0.3614583333333333 0.35375494071146246 0.010416666666666666 0.04743083003952569
4 0.37135416666666665 0.33201581027667987 0.0125 0.03260869565217391
2 0.4421875 0.6304347826086957 0.0140625 0.011857707509881422
0 0.878125 0.3448616600790514 0.0046875 0.010869565217391304
4 0.5421875 0.3201581027667984 0.008854166666666666 0.041501976284584984
4 0.3854166666666667 0.35177865612648224 0.0078125 0.043478260869565216
4 0.3338541666666667 0.35968379446640314 0.009375 0.043478260869565216
4 0.05416666666666667 0.3824110671936759 0.009895833333333333 0.06126482213438735
4 0.04375 0.38537549407114624 0.0109375 0.05138339920948617