3 0.121875 0.9367588932806324 0.0546875 0.12549407114624506
3 0.41041666666666665 0.9387351778656127 0.0328125 0.12055335968379446
4 0.6078125 0.9397233201581028 0.020833333333333332 0.11758893280632411
3 0.425 0.6788537549407114 0.023958333333333335 0.1225296442687747
4 0.7098958333333333 0.8359683794466403 0.025 0.11264822134387352
4 0.7145833333333333 0.6996047430830039 0.022395833333333334 0.10474308300395258
4 0.6932291666666667 0.7262845849802372 0.021875 0.1067193675889328
4 0.6723958333333333 0.7845849802371542 0.015625 0.11363636363636363
2 0.46041666666666664 0.58399209486166 0.010416666666666666 0.011857707509881422
4 0.7270833333333333 0.8152173913043478 0.022395833333333334 0.11462450592885376
1 0.5682291666666667 0.8557312252964426 0.009895833333333333 0.017786561264822136
3 0.44479166666666664 0.6739130434782609 0.0171875 0.11758893280632411
4 0.7630208333333334 0.7213438735177866 0.018229166666666668 0.10375494071146245
4 0.0875 0.49407114624505927 0.009895833333333333 0.05533596837944664
4 0.0328125 0.5049407114624506 0.013020833333333334 0.06126482213438735
0 0.13489583333333333 0.4990118577075099 0.00625 0.009881422924901186
0 0.27708333333333335 0.45454545454545453 0.0046875 0.008893280632411068
4 0.011458333333333333 0.5108695652173914 0.017708333333333333 0.05731225296442688
0 0.6854166666666667 0.49407114624505927 0.0046875 0.008893280632411068
0 0.7 0.5849802371541502 0.005208333333333333 0.012845849802371542
0 0.578125 0.48221343873517786 0.0046875 0.008893280632411068
4 0.7635416666666667 0.8053359683794467 0.016145833333333335 0.11462450592885376
0 0.49114583333333334 0.4723320158102767 0.005208333333333333 0.008893280632411068