3 0.7708333333333334 0.6600790513833992 0.0296875 0.09387351778656126
3 0.5052083333333334 0.6798418972332015 0.04114583333333333 0.09683794466403162
3 0.39895833333333336 0.607707509881423 0.021875 0.09288537549407115
3 0.6822916666666666 0.7055335968379447 0.0265625 0.10770750988142293
3 0.31197916666666664 0.5968379446640316 0.019791666666666666 0.08794466403162056
3 0.5453125 0.5592885375494071 0.027083333333333334 0.08399209486166008
3 0.4375 0.5849802371541502 0.019270833333333334 0.08300395256916997
3 0.7067708333333333 0.7312252964426877 0.025 0.09980237154150198
3 0.478125 0.66600790513834 0.034375 0.10375494071146245
3 0.65 0.5345849802371542 0.021354166666666667 0.06719367588932806
3 0.7291666666666666 0.6551383399209486 0.022395833333333334 0.08300395256916997
3 0.51875 0.5513833992094862 0.021354166666666667 0.08201581027667984
4 0.20729166666666668 0.46936758893280633 0.016145833333333335 0.06324110671936758
3 0.6666666666666666 0.5197628458498024 0.01875 0.0691699604743083
3 0.48333333333333334 0.6284584980237155 0.023958333333333335 0.08992094861660078
0 0.8458333333333333 0.7430830039525692 0.007291666666666667 0.018774703557312252
0 0.978125 0.5790513833992095 0.005729166666666666 0.011857707509881422
0 0.2604166666666667 0.4881422924901186 0.005208333333333333 0.010869565217391304
0 0.821875 0.5316205533596838 0.005208333333333333 0.010869565217391304
0 0.48125 0.44861660079051385 0.005729166666666666 0.009881422924901186
0 0.6869791666666667 0.4990118577075099 0.005208333333333333 0.009881422924901186
2 0.6833333333333333 0.7490118577075099 0.010416666666666666 0.022727272727272728