3 0.5864583333333333 0.682806324110672 0.025 0.11264822134387352
3 0.446875 0.7094861660079052 0.030729166666666665 0.10968379446640317
3 0.47239583333333335 0.6027667984189723 0.01875 0.09288537549407115
3 0.65625 0.6007905138339921 0.01875 0.08893280632411067
3 0.3802083333333333 0.6294466403162056 0.019791666666666666 0.09683794466403162
3 0.6916666666666667 0.5573122529644269 0.0234375 0.06027667984189723
3 0.5385416666666667 0.5316205533596838 0.013020833333333334 0.07509881422924901
3 0.365625 0.6007905138339921 0.020833333333333332 0.09683794466403162
3 0.528125 0.66600790513834 0.034895833333333334 0.10573122529644269
4 0.3182291666666667 0.4505928853754941 0.0125 0.06027667984189723
3 0.525 0.6472332015810277 0.049479166666666664 0.09090909090909091
3 0.44479166666666664 0.6314229249011858 0.018229166666666668 0.07707509881422925
3 0.4401041666666667 0.5899209486166008 0.015625 0.08300395256916997
0 0.9229166666666667 0.7569169960474308 0.008333333333333333 0.018774703557312252
0 0.928125 0.5355731225296443 0.005729166666666666 0.011857707509881422
3 0.6619791666666667 0.5602766798418972 0.027083333333333334 0.06324110671936758
4 0.05625 0.4634387351778656 0.019270833333333334 0.045454545454545456
0 0.365625 0.47035573122529645 0.005729166666666666 0.009881422924901186
0 0.7864583333333334 0.49407114624505927 0.005208333333333333 0.009881422924901186
0 0.5833333333333334 0.43873517786561267 0.0046875 0.008893280632411068
3 0.3723958333333333 0.6146245059288538 0.016145833333333335 0.09486166007905138
4 0.0265625 0.49407114624505927 0.011979166666666667 0.06225296442687747