3 0.6286458333333333 0.6482213438735178 0.029166666666666667 0.11758893280632411
3 0.5354166666666667 0.6689723320158103 0.024479166666666666 0.10869565217391304
3 0.6786458333333333 0.49703557312252966 0.017708333333333333 0.0691699604743083
3 0.3536458333333333 0.5533596837944664 0.020833333333333332 0.09387351778656126
3 0.6333333333333333 0.5612648221343873 0.0171875 0.07509881422924901
3 0.48541666666666666 0.5849802371541502 0.019270833333333334 0.09683794466403162
3 0.39375 0.5711462450592886 0.0203125 0.09189723320158102
3 0.4270833333333333 0.5395256916996047 0.014583333333333334 0.08596837944664032
4 0.08229166666666667 0.4278656126482213 0.015625 0.05237154150197629
3 0.4703125 0.558300395256917 0.01875 0.08893280632411067
3 0.7 0.4891304347826087 0.015104166666666667 0.07114624505928854
4 0.37395833333333334 0.38735177865612647 0.013020833333333334 0.05533596837944664
3 0.5526041666666667 0.49604743083003955 0.013541666666666667 0.07905138339920949
0 0.9348958333333334 0.6758893280632411 0.008333333333333333 0.018774703557312252
0 0.9432291666666667 0.47035573122529645 0.00625 0.011857707509881422
3 0.5651041666666666 0.5879446640316206 0.034895833333333334 0.08695652173913043
4 0.11770833333333333 0.4209486166007905 0.011979166666666667 0.058300395256917
3 0.378125 0.5701581027667985 0.019791666666666666 0.09881422924901186
0 0.8067708333333333 0.4308300395256917 0.005208333333333333 0.010869565217391304
0 0.41770833333333335 0.4061264822134387 0.0046875 0.009881422924901186
4 0.016666666666666666 0.424901185770751 0.016145833333333335 0.06620553359683795
4 0.14427083333333332 0.39723320158102765 0.013541666666666667 0.040513833992094864
3 0.5625 0.5711462450592886 0.04375 0.07015810276679842
2 0.5765625 0.5820158102766798 0.008854166666666666 0.01383399209486166