3 0.36041666666666666 0.7361660079051383 0.04010416666666667 0.08102766798418973
3 0.21875 0.7252964426877471 0.019791666666666666 0.09387351778656126
3 0.5635416666666667 0.6511857707509882 0.021875 0.07707509881422925
3 0.47604166666666664 0.6531620553359684 0.019270833333333334 0.08201581027667984
3 0.7609375 0.5691699604743083 0.014583333333333334 0.0741106719367589
3 0.3765625 0.9318181818181818 0.057291666666666664 0.12549407114624506
3 0.5614583333333333 0.5523715415019763 0.019270833333333334 0.06422924901185771
3 0.5848958333333333 0.5592885375494071 0.015104166666666667 0.06719367588932806
3 0.671875 0.5810276679841897 0.0140625 0.07015810276679842
4 0.27239583333333334 0.5019762845849802 0.0125 0.05533596837944664
3 0.7026041666666667 0.58399209486166 0.013541666666666667 0.0741106719367589
3 0.709375 0.549407114624506 0.014583333333333334 0.06719367588932806
3 0.7177083333333333 0.6798418972332015 0.01875 0.08498023715415019
3 0.703125 0.6462450592885376 0.025520833333333333 0.06719367588932806
4 0.07708333333333334 0.541501976284585 0.016145833333333335 0.06422924901185771
0 0.909375 0.5197628458498024 0.005208333333333333 0.010869565217391304
0 0.43072916666666666 0.49209486166007904 0.005208333333333333 0.008893280632411068
4 0.1703125 0.5276679841897233 0.009895833333333333 0.0533596837944664
0 0.7822916666666667 0.49407114624505927 0.005208333333333333 0.009881422924901186
0 0.5869791666666667 0.45948616600790515 0.005729166666666666 0.007905138339920948
3 0.365625 0.9140316205533597 0.06041666666666667 0.11462450592885376
2 0.36822916666666666 0.9347826086956522 0.015104166666666667 0.015810276679841896
4 0.016145833333333335 0.5573122529644269 0.0125 0.06126482213438735
4 0.04010416666666667 0.5632411067193676 0.013541666666666667 0.036561264822134384
4 0.11458333333333333 0.5385375494071146 0.0140625 0.05533596837944664
4 0.14166666666666666 0.5335968379446641 0.0140625 0.05237154150197629
4 0.17135416666666667 0.4990118577075099 0.011979166666666667 0.03162055335968379
4 0.39010416666666664 0.4743083003952569 0.008333333333333333 0.046442687747035576