3 0.34322916666666664 0.5810276679841897 0.017708333333333333 0.07213438735177866
3 0.6010416666666667 0.700592885375494 0.0265625 0.11067193675889328
3 0.4276041666666667 0.6699604743083004 0.023958333333333335 0.10375494071146245
3 0.29791666666666666 0.5810276679841897 0.023958333333333335 0.07015810276679842
3 0.5052083333333334 0.6067193675889329 0.019270833333333334 0.08596837944664032
3 0.2682291666666667 0.5780632411067194 0.027083333333333334 0.06719367588932806
3 0.54375 0.6442687747035574 0.020833333333333332 0.09387351778656126
3 0.475 0.6679841897233202 0.042708333333333334 0.10869565217391304
4 0.6875 0.46047430830039526 0.013020833333333334 0.06126482213438735
3 0.59375 0.6037549407114624 0.019270833333333334 0.09090909090909091
3 0.5369791666666667 0.6146245059288538 0.021875 0.08992094861660078
3 0.609375 0.6324110671936759 0.019270833333333334 0.10276679841897234
0 0.07552083333333333 0.7707509881422925 0.008333333333333333 0.019762845849802372
0 0.0703125 0.5464426877470355 0.005208333333333333 0.011857707509881422
0 0.6385416666666667 0.48221343873517786 0.005208333333333333 0.010869565217391304
3 0.44583333333333336 0.5306324110671937 0.013541666666666667 0.0691699604743083
0 0.21302083333333333 0.5059288537549407 0.005208333333333333 0.011857707509881422
0 0.41875 0.4505928853754941 0.005208333333333333 0.008893280632411068
4 0.9510416666666667 0.4743083003952569 0.018229166666666668 0.04940711462450593
2 0.4625 0.6778656126482213 0.009375 0.014822134387351778
3 0.6046875 0.6007905138339921 0.016666666666666666 0.09288537549407115
4 0.9822916666666667 0.5069169960474308 0.013541666666666667 0.06422924901185771