3 0.4583333333333333 0.8557312252964426 0.04635416666666667 0.1225296442687747
3 0.8479166666666667 0.6857707509881423 0.01875 0.09090909090909091
3 0.5822916666666667 0.6353754940711462 0.0171875 0.07707509881422925
3 0.55625 0.8695652173913043 0.0421875 0.1274703557312253
3 0.7703125 0.6057312252964426 0.023958333333333335 0.07905138339920949
3 0.5864583333333333 0.8853754940711462 0.03697916666666667 0.13636363636363635
3 0.3380208333333333 0.9061264822134387 0.0296875 0.13537549407114624
3 0.8447916666666667 0.5810276679841897 0.024479166666666666 0.07608695652173914
3 0.8791666666666667 0.6007905138339921 0.014583333333333334 0.07905138339920949
3 0.678125 0.6284584980237155 0.022395833333333334 0.08794466403162056
3 0.6510416666666666 0.6215415019762845 0.019270833333333334 0.08498023715415019
3 0.684375 0.5849802371541502 0.0203125 0.07608695652173914
3 0.7489583333333333 0.6245059288537549 0.016145833333333335 0.08102766798418973
4 0.090625 0.5247035573122529 0.0140625 0.05928853754940711
4 0.3109375 0.5 0.011458333333333333 0.05039525691699605
0 0.5151041666666667 0.49308300395256915 0.005208333333333333 0.009881422924901186
4 0.0359375 0.5395256916996047 0.0109375 0.06225296442687747
0 0.8927083333333333 0.5177865612648221 0.0046875 0.009881422924901186
4 0.013541666666666667 0.5365612648221344 0.011458333333333333 0.06521739130434782
4 0.2708333333333333 0.4841897233201581 0.010416666666666666 0.03557312252964427
2 0.35520833333333335 0.8843873517786561 0.013541666666666667 0.015810276679841896
3 0.6588541666666666 0.6086956521739131 0.021354166666666667 0.07312252964426877
4 0.4744791666666667 0.4733201581027668 0.008854166666666666 0.044466403162055336
4 0.25364583333333335 0.5118577075098815 0.009895833333333333 0.0533596837944664
4 0.22760416666666666 0.5158102766798419 0.0125 0.04743083003952569
4 0.203125 0.5187747035573123 0.013020833333333334 0.05039525691699605
4 0.17239583333333333 0.5177865612648221 0.016145833333333335 0.05731225296442688
4 0.13177083333333334 0.5266798418972332 0.013541666666666667 0.05632411067193676
4 0.1171875 0.5286561264822134 0.010416666666666666 0.05434782608695652