3 0.91875 0.6837944664031621 0.026041666666666668 0.09189723320158102
3 0.6223958333333334 0.6383399209486166 0.028125 0.07114624505928854
3 0.32395833333333335 0.9110671936758893 0.04583333333333333 0.11264822134387352
3 0.8109375 0.6284584980237155 0.01875 0.0800395256916996
3 0.5833333333333334 0.8389328063241107 0.044270833333333336 0.12351778656126482
3 0.8776041666666666 0.5830039525691699 0.015625 0.0741106719367589
3 0.5958333333333333 0.83399209486166 0.03802083333333333 0.11462450592885376
3 0.33958333333333335 0.8656126482213439 0.05625 0.10177865612648221
3 0.7442708333333333 0.6185770750988142 0.015104166666666667 0.08596837944664032
3 0.8432291666666667 0.575098814229249 0.016666666666666666 0.07312252964426877
3 0.7072916666666667 0.6106719367588933 0.015104166666666667 0.07905138339920949
4 0.20364583333333333 0.516798418972332 0.016666666666666666 0.058300395256917
4 0.2359375 0.516798418972332 0.011458333333333333 0.05138339920948617
3 0.6901041666666666 0.6067193675889329 0.025 0.058300395256917
3 0.7473958333333334 0.5810276679841897 0.021354166666666667 0.06126482213438735
4 0.2864583333333333 0.5098814229249012 0.009895833333333333 0.05237154150197629
4 0.3541666666666667 0.49703557312252966 0.008333333333333333 0.05138339920948617
4 0.2598958333333333 0.5158102766798419 0.011458333333333333 0.04743083003952569
4 0.12604166666666666 0.5247035573122529 0.013541666666666667 0.058300395256917
0 0.5427083333333333 0.49308300395256915 0.005208333333333333 0.009881422924901186
4 0.2984375 0.4841897233201581 0.008854166666666666 0.03458498023715415
0 0.9244791666666666 0.5177865612648221 0.005208333333333333 0.010869565217391304
0 0.34010416666666665 0.3893280632411067 0.005208333333333333 0.010869565217391304
0 0.715625 0.466403162055336 0.005729166666666666 0.008893280632411068
0 0.2916666666666667 0.3774703557312253 0.0046875 0.012845849802371542
4 0.07552083333333333 0.5375494071146245 0.008854166666666666 0.06225296442687747
4 0.153125 0.5276679841897233 0.009895833333333333 0.05533596837944664
2 0.3223958333333333 0.8695652173913043 0.013541666666666667 0.023715415019762844
3 0.671875 0.5721343873517787 0.019270833333333334 0.06422924901185771
4 0.5010416666666667 0.4733201581027668 0.0078125 0.046442687747035576
4 0.1671875 0.525691699604743 0.013541666666666667 0.05434782608695652
4 0.06770833333333333 0.532608695652174 0.011979166666666667 0.06126482213438735