3 0.4734375 0.6996047430830039 0.025 0.116600790513834
3 0.303125 0.549407114624506 0.025 0.07707509881422925
3 0.4708333333333333 0.5612648221343873 0.024479166666666666 0.08300395256916997
3 0.6302083333333334 0.4881422924901186 0.021354166666666667 0.06422924901185771
3 0.753125 0.48023715415019763 0.016145833333333335 0.07905138339920949
3 0.7760416666666666 0.42292490118577075 0.0140625 0.05237154150197629
3 0.4427083333333333 0.5395256916996047 0.025520833333333333 0.08498023715415019
3 0.6729166666666667 0.4209486166007905 0.015625 0.06225296442687747
3 0.6786458333333333 0.48122529644268774 0.014583333333333334 0.0691699604743083
3 0.7239583333333334 0.48221343873517786 0.017708333333333333 0.07608695652173914
4 0.1890625 0.383399209486166 0.0125 0.058300395256917
3 0.41041666666666665 0.49209486166007904 0.0171875 0.07806324110671936
4 0.03854166666666667 0.41699604743083 0.015625 0.06818181818181818
4 0.026041666666666668 0.4189723320158103 0.0171875 0.07015810276679842
3 0.7291666666666666 0.424901185770751 0.015625 0.06225296442687747
4 0.00625 0.42292490118577075 0.0125 0.07509881422924901
3 0.7375 0.4298418972332016 0.0171875 0.05928853754940711
4 0.08854166666666667 0.3893280632411067 0.016145833333333335 0.06027667984189723
4 0.075 0.4090909090909091 0.015625 0.06719367588932806
1 0.9494791666666667 0.8349802371541502 0.0125 0.017786561264822136
4 0.1671875 0.3932806324110672 0.0125 0.05632411067193676
0 0.5927083333333333 0.32806324110671936 0.0036458333333333334 0.007905138339920948
4 0.09739583333333333 0.4090909090909091 0.013541666666666667 0.05632411067193676
4 0.39479166666666665 0.3300395256916996 0.011979166666666667 0.038537549407114624
4 0.371875 0.3557312252964427 0.0109375 0.04841897233201581
4 0.35520833333333335 0.3557312252964427 0.009895833333333333 0.05039525691699605
4 0.3953125 0.35276679841897235 0.010416666666666666 0.045454545454545456
3 0.4161458333333333 0.5019762845849802 0.021354166666666667 0.0741106719367589
0 0.8869791666666667 0.3349802371541502 0.004166666666666667 0.008893280632411068
4 0.41770833333333335 0.34881422924901184 0.008333333333333333 0.044466403162055336
4 0.3328125 0.36561264822134387 0.010416666666666666 0.05039525691699605
4 0.3145833333333333 0.3695652173913043 0.009375 0.046442687747035576
4 0.2859375 0.37351778656126483 0.011979166666666667 0.05138339920948617
4 0.26458333333333334 0.3794466403162055 0.0078125 0.05237154150197629