3 0.2921875 0.7134387351778656 0.03125 0.0958498023715415
3 0.43072916666666666 0.7322134387351779 0.030208333333333334 0.08992094861660078
3 0.75625 0.6739130434782609 0.015104166666666667 0.08695652173913043
3 0.5979166666666667 0.642292490118577 0.016145833333333335 0.07707509881422925
3 0.4203125 0.9239130434782609 0.050520833333333334 0.12648221343873517
3 0.7046875 0.6432806324110671 0.03177083333333333 0.07114624505928854
3 0.5036458333333333 0.6343873517786561 0.015625 0.07015810276679842
3 0.7265625 0.5909090909090909 0.019270833333333334 0.07806324110671936
3 0.7947916666666667 0.5731225296442688 0.0125 0.07608695652173914
3 0.5708333333333333 0.5573122529644269 0.016145833333333335 0.06422924901185771
3 0.6125 0.5612648221343873 0.013020833333333334 0.07114624505928854
3 0.7416666666666667 0.5523715415019763 0.013020833333333334 0.06422924901185771
3 0.6927083333333334 0.58399209486166 0.016145833333333335 0.07509881422924901
4 0.0375 0.5444664031620553 0.017708333333333333 0.06422924901185771
4 0.309375 0.5 0.0109375 0.05138339920948617
4 0.2125 0.5217391304347826 0.009895833333333333 0.0533596837944664
4 0.121875 0.5316205533596838 0.016145833333333335 0.06027667984189723
0 0.9609375 0.5266798418972332 0.005208333333333333 0.011857707509881422
4 0.18489583333333334 0.5276679841897233 0.013541666666666667 0.0533596837944664
4 0.06770833333333333 0.5474308300395256 0.013541666666666667 0.05928853754940711
0 0.46875 0.49110671936758893 0.0046875 0.009881422924901186
0 0.8260416666666667 0.4980237154150198 0.0046875 0.009881422924901186
4 0.159375 0.5296442687747036 0.013541666666666667 0.05434782608695652
4 0.215625 0.4950592885375494 0.009895833333333333 0.03458498023715415
4 0.08854166666666667 0.5533596837944664 0.011979166666666667 0.03557312252964427
4 0.004166666666666667 0.5533596837944664 0.008333333333333333 0.06620553359683795
4 0.428125 0.4733201581027668 0.008333333333333333 0.044466403162055336
3 0.42083333333333334 0.9021739130434783 0.05625 0.10968379446640317
2 0.4 0.9110671936758893 0.011458333333333333 0.019762845849802372
0 0.6270833333333333 0.4614624505928854 0.0046875 0.007905138339920948