3 0.22916666666666666 0.6600790513833992 0.0296875 0.09387351778656126
3 0.4947916666666667 0.6798418972332015 0.04114583333333333 0.09683794466403162
3 0.6010416666666667 0.607707509881423 0.021875 0.09288537549407115
3 0.3177083333333333 0.7055335968379447 0.0265625 0.10770750988142293
3 0.6880208333333333 0.5968379446640316 0.019791666666666666 0.08794466403162056
3 0.4546875 0.5592885375494071 0.027083333333333334 0.08399209486166008
3 0.5625 0.5849802371541502 0.019270833333333334 0.08300395256916997
3 0.29322916666666665 0.7312252964426877 0.025 0.09980237154150198
3 0.521875 0.66600790513834 0.034375 0.10375494071146245
3 0.35 0.5345849802371542 0.021354166666666667 0.06719367588932806
3 0.2708333333333333 0.6551383399209486 0.022395833333333334 0.08300395256916997
3 0.48125 0.5513833992094862 0.021354166666666667 0.08201581027667984
4 0.7927083333333333 0.46936758893280633 0.016145833333333335 0.06324110671936758
3 0.3333333333333333 0.5197628458498024 0.01875 0.0691699604743083
3 0.5166666666666667 0.6284584980237155 0.023958333333333335 0.08992094861660078
0 0.15416666666666667 0.7430830039525692 0.007291666666666667 0.018774703557312252
0 0.021875 0.5790513833992095 0.005729166666666666 0.011857707509881422
0 0.7395833333333334 0.4881422924901186 0.005208333333333333 0.010869565217391304
0 0.178125 0.5316205533596838 0.005208333333333333 0.010869565217391304
0 0.51875 0.44861660079051385 0.005729166666666666 0.009881422924901186
0 0.31302083333333336 0.4990118577075099 0.005208333333333333 0.009881422924901186
2 0.31666666666666665 0.7490118577075099 0.010416666666666666 0.022727272727272728