3 0.8427083333333333 0.8478260869565217 0.03333333333333333 0.13142292490118576
3 0.5697916666666667 0.8438735177865613 0.028645833333333332 0.12944664031620554
4 0.48854166666666665 0.9426877470355731 0.0203125 0.11363636363636363
3 0.634375 0.7015810276679841 0.0390625 0.06818181818181818
4 0.3723958333333333 0.8102766798418972 0.026041666666666668 0.11758893280632411
4 0.4328125 0.7816205533596838 0.016666666666666666 0.11264822134387352
3 0.6041666666666666 0.6679841897233202 0.024479166666666666 0.08794466403162056
4 0.3458333333333333 0.7905138339920948 0.016666666666666666 0.11561264822134387
4 0.4036458333333333 0.8290513833992095 0.016666666666666666 0.11264822134387352
4 0.33541666666666664 0.7114624505928854 0.019270833333333334 0.1007905138339921
1 0.5354166666666667 0.8646245059288538 0.0078125 0.017786561264822136
4 0.390625 0.7272727272727273 0.019270833333333334 0.10375494071146245
0 0.8692708333333333 0.4683794466403162 0.004166666666666667 0.009881422924901186
0 0.41875 0.5820158102766798 0.005729166666666666 0.011857707509881422
0 0.5416666666666666 0.48616600790513836 0.004166666666666667 0.008893280632411068
0 0.43645833333333334 0.49209486166007904 0.004166666666666667 0.008893280632411068
0 0.3828125 0.5 0.0036458333333333334 0.008893280632411068
4 0.38645833333333335 0.6847826086956522 0.0140625 0.09980237154150198
2 0.6447916666666667 0.6778656126482213 0.009895833333333333 0.007905138339920948