3 0.61875 0.5543478260869565 0.020833333333333332 0.08893280632411067
3 0.359375 0.5 0.030729166666666665 0.07213438735177866
4 0.40625 0.9426877470355731 0.0296875 0.11363636363636363
3 0.41510416666666666 0.525691699604743 0.028125 0.07707509881422925
3 0.5494791666666666 0.5079051383399209 0.016666666666666666 0.08201581027667984
3 0.5005208333333333 0.66600790513834 0.03333333333333333 0.10375494071146245
3 0.46979166666666666 0.4792490118577075 0.016666666666666666 0.08102766798418973
3 0.5104166666666666 0.6778656126482213 0.041666666666666664 0.09782608695652174
3 0.6046875 0.43478260869565216 0.017708333333333333 0.07213438735177866
3 0.7052083333333333 0.4723320158102767 0.0203125 0.07608695652173914
2 0.5338541666666666 0.658102766798419 0.0125 0.018774703557312252
3 0.42083333333333334 0.4624505928853755 0.016145833333333335 0.07509881422924901
3 0.6776041666666667 0.4723320158102767 0.016666666666666666 0.07015810276679842
3 0.58125 0.4209486166007905 0.0140625 0.06324110671936758
4 0.34270833333333334 0.9515810276679841 0.029166666666666667 0.09486166007905138
4 0.265625 0.9683794466403162 0.035416666666666666 0.06126482213438735
3 0.7083333333333334 0.4061264822134387 0.017708333333333333 0.05731225296442688
4 0.09166666666666666 0.3675889328063241 0.013541666666666667 0.05632411067193676
3 0.6963541666666667 0.41205533596837945 0.017708333333333333 0.06126482213438735
4 0.0625 0.37648221343873517 0.0140625 0.05533596837944664
0 0.9541666666666667 0.36561264822134387 0.0046875 0.010869565217391304
0 0.5333333333333333 0.32806324110671936 0.004166666666666667 0.008893280632411068
4 0.18385416666666668 0.3616600790513834 0.014583333333333334 0.05533596837944664
0 0.840625 0.3409090909090909 0.0046875 0.009881422924901186
4 0.15729166666666666 0.3675889328063241 0.015104166666666667 0.0533596837944664
4 0.003125 0.3725296442687747 0.00625 0.06126482213438735
1 0.40989583333333335 0.8596837944664032 0.015104166666666667 0.023715415019762844
4 0.5015625 0.31521739130434784 0.008333333333333333 0.039525691699604744
4 0.3296875 0.3438735177865613 0.007291666666666667 0.044466403162055336
4 0.30520833333333336 0.34881422924901184 0.0078125 0.039525691699604744
4 0.2755208333333333 0.35276679841897235 0.009895833333333333 0.039525691699604744
4 0.2609375 0.34980237154150196 0.010416666666666666 0.04940711462450593
4 0.23385416666666667 0.3577075098814229 0.009375 0.045454545454545456
4 0.21145833333333333 0.35968379446640314 0.008854166666666666 0.044466403162055336