3 0.4 0.6086956521739131 0.021354166666666667 0.09189723320158102
3 0.30833333333333335 0.6027667984189723 0.01875 0.08399209486166008
3 0.796875 0.6413043478260869 0.018229166666666668 0.08893280632411067
3 0.45208333333333334 0.5938735177865613 0.019270833333333334 0.08695652173913043
3 0.7869791666666667 0.6531620553359684 0.025 0.09288537549407115
3 0.48385416666666664 0.6630434782608695 0.036458333333333336 0.10276679841897234
4 0.23958333333333334 0.466403162055336 0.013020833333333334 0.06126482213438735
3 0.5119791666666667 0.5553359683794467 0.021875 0.08300395256916997
3 0.6729166666666667 0.6996047430830039 0.020833333333333332 0.10869565217391304
3 0.528125 0.5612648221343873 0.0171875 0.0800395256916996
3 0.6609375 0.6729249011857708 0.020833333333333332 0.09288537549407115
0 0.290625 0.48616600790513836 0.005208333333333333 0.009881422924901186
0 0.865625 0.7509881422924901 0.0078125 0.020750988142292492
3 0.4822916666666667 0.6304347826086957 0.023958333333333335 0.08794466403162056
0 0.8510416666666667 0.5355731225296443 0.005208333333333333 0.011857707509881422
0 0.7151041666666667 0.5 0.005208333333333333 0.010869565217391304
2 0.646875 0.6798418972332015 0.0109375 0.010869565217391304
3 0.6520833333333333 0.5335968379446641 0.0203125 0.05632411067193676
3 0.6567708333333333 0.5207509881422925 0.019270833333333334 0.06521739130434782
3 0.4895833333333333 0.6887351778656127 0.034375 0.09683794466403162