3 0.12447916666666667 0.8092885375494071 0.04583333333333333 0.11462450592885376
3 0.984375 0.7223320158102767 0.0296875 0.11462450592885376
3 0.19375 0.849802371541502 0.034895833333333334 0.12845849802371542
3 0.5932291666666667 0.8547430830039525 0.03854166666666667 0.11462450592885376
3 0.8567708333333334 0.6561264822134387 0.027083333333333334 0.08992094861660078
3 0.425 0.7727272727272727 0.034375 0.12154150197628459
3 0.7463541666666667 0.6146245059288538 0.0234375 0.07806324110671936
3 0.3770833333333333 0.6541501976284585 0.0234375 0.08201581027667984
3 0.8895833333333333 0.6037549407114624 0.017708333333333333 0.07509881422924901
3 0.5255208333333333 0.883399209486166 0.023958333333333335 0.15316205533596838
3 0.4359375 0.6482213438735178 0.028125 0.0800395256916996
3 0.409375 0.6383399209486166 0.021354166666666667 0.07707509881422925
3 0.45260416666666664 0.7430830039525692 0.03125 0.10375494071146245
3 0.44895833333333335 0.7055335968379447 0.025 0.08893280632411067
0 0.7140625 0.49703557312252966 0.005729166666666666 0.010869565217391304
2 0.5395833333333333 0.8636363636363636 0.013020833333333334 0.0266798418972332
4 0.11302083333333333 0.49209486166007904 0.011458333333333333 0.05237154150197629
4 0.15104166666666666 0.4762845849802372 0.013020833333333334 0.05237154150197629
4 0.08697916666666666 0.49209486166007904 0.011458333333333333 0.0533596837944664
0 0.9447916666666667 0.49110671936758893 0.007291666666666667 0.009881422924901186
4 0.026041666666666668 0.4407114624505929 0.009895833333333333 0.037549407114624504
4 0.05572916666666667 0.49407114624505927 0.0125 0.0533596837944664
4 0.13020833333333334 0.49209486166007904 0.0125 0.05434782608695652
4 0.4453125 0.4871541501976285 0.009895833333333333 0.04841897233201581
4 0.4765625 0.4683794466403162 0.0109375 0.029644268774703556
4 0.0734375 0.49407114624505927 0.011979166666666667 0.05138339920948617
4 0.42239583333333336 0.49110671936758893 0.010416666666666666 0.041501976284584984
4 0.6703125 0.4723320158102767 0.008854166666666666 0.046442687747035576
4 0.43854166666666666 0.4792490118577075 0.011458333333333333 0.046442687747035576
4 0.40208333333333335 0.4891304347826087 0.011458333333333333 0.046442687747035576
4 0.3776041666666667 0.48616600790513836 0.013020833333333334 0.04940711462450593
4 0.34270833333333334 0.49110671936758893 0.010416666666666666 0.045454545454545456
4 0.32864583333333336 0.49209486166007904 0.013020833333333334 0.046442687747035576
4 0.31354166666666666 0.48616600790513836 0.011979166666666667 0.05039525691699605
4 0.26979166666666665 0.49308300395256915 0.008854166666666666 0.0533596837944664
4 0.22864583333333333 0.49209486166007904 0.008333333333333333 0.0533596837944664