3 0.38125 0.5543478260869565 0.020833333333333332 0.08893280632411067
3 0.640625 0.5 0.030729166666666665 0.07213438735177866
4 0.59375 0.9426877470355731 0.0296875 0.11363636363636363
3 0.5848958333333333 0.525691699604743 0.028125 0.07707509881422925
3 0.4505208333333333 0.5079051383399209 0.016666666666666666 0.08201581027667984
3 0.49947916666666664 0.66600790513834 0.03333333333333333 0.10375494071146245
3 0.5302083333333333 0.4792490118577075 0.016666666666666666 0.08102766798418973
3 0.4895833333333333 0.6778656126482213 0.041666666666666664 0.09782608695652174
3 0.3953125 0.43478260869565216 0.017708333333333333 0.07213438735177866
3 0.2947916666666667 0.4723320158102767 0.0203125 0.07608695652173914
2 0.4661458333333333 0.658102766798419 0.0125 0.018774703557312252
3 0.5791666666666667 0.4624505928853755 0.016145833333333335 0.07509881422924901
3 0.3223958333333333 0.4723320158102767 0.016666666666666666 0.07015810276679842
3 0.41875 0.4209486166007905 0.0140625 0.06324110671936758
4 0.6572916666666667 0.9515810276679841 0.029166666666666667 0.09486166007905138
4 0.734375 0.9683794466403162 0.035416666666666666 0.06126482213438735
3 0.2916666666666667 0.4061264822134387 0.017708333333333333 0.05731225296442688
4 0.9083333333333333 0.3675889328063241 0.013541666666666667 0.05632411067193676
3 0.30364583333333334 0.41205533596837945 0.017708333333333333 0.06126482213438735
4 0.9375 0.37648221343873517 0.0140625 0.05533596837944664
0 0.04583333333333333 0.36561264822134387 0.0046875 0.010869565217391304
0 0.4666666666666667 0.32806324110671936 0.004166666666666667 0.008893280632411068
4 0.8161458333333333 0.3616600790513834 0.014583333333333334 0.05533596837944664
0 0.159375 0.3409090909090909 0.0046875 0.009881422924901186
4 0.8427083333333333 0.3675889328063241 0.015104166666666667 0.0533596837944664
4 0.996875 0.3725296442687747 0.00625 0.06126482213438735
1 0.5901041666666667 0.8596837944664032 0.015104166666666667 0.023715415019762844
4 0.4984375 0.31521739130434784 0.008333333333333333 0.039525691699604744
4 0.6703125 0.3438735177865613 0.007291666666666667 0.044466403162055336
4 0.6947916666666667 0.34881422924901184 0.0078125 0.039525691699604744
4 0.7244791666666667 0.35276679841897235 0.009895833333333333 0.039525691699604744
4 0.7390625 0.34980237154150196 0.010416666666666666 0.04940711462450593
4 0.7661458333333333 0.3577075098814229 0.009375 0.045454545454545456
4 0.7885416666666667 0.35968379446640314 0.008854166666666666 0.044466403162055336