3 0.6333333333333333 0.7806324110671937 0.03697916666666667 0.09980237154150198
3 0.6026041666666667 0.7707509881422925 0.030208333333333334 0.09881422924901186
3 0.5135416666666667 0.900197628458498 0.05 0.1274703557312253
3 0.7432291666666667 0.5533596837944664 0.015625 0.07015810276679842
3 0.5953125 0.5543478260869565 0.011979166666666667 0.06719367588932806
3 0.8473958333333333 0.6650197628458498 0.022916666666666665 0.08498023715415019
3 0.6239583333333333 0.541501976284585 0.013541666666666667 0.06225296442687747
3 0.6708333333333333 0.5790513833992095 0.019270833333333334 0.06324110671936758
3 0.2604166666666667 0.7835968379446641 0.025520833333333333 0.1007905138339921
3 0.7083333333333334 0.5790513833992095 0.016145833333333335 0.07114624505928854
3 0.5322916666666667 0.91600790513834 0.04375 0.12845849802371542
3 0.6963541666666667 0.541501976284585 0.018229166666666668 0.05533596837944664
4 0.029166666666666667 0.5592885375494071 0.018229166666666668 0.07213438735177866
3 0.8630208333333333 0.6482213438735178 0.017708333333333333 0.07905138339920949
3 0.24166666666666667 0.7875494071146245 0.025520833333333333 0.10869565217391304
4 0.23229166666666667 0.5118577075098815 0.013020833333333334 0.05237154150197629
4 0.07135416666666666 0.5533596837944664 0.015625 0.06324110671936758
4 0.10104166666666667 0.549407114624506 0.016145833333333335 0.05731225296442688
4 0.35052083333333334 0.4782608695652174 0.010416666666666666 0.04940711462450593
0 0.3921875 0.49604743083003955 0.005208333333333333 0.008893280632411068
0 0.8572916666666667 0.5069169960474308 0.0046875 0.009881422924901186
4 0.1203125 0.5128458498023716 0.011979166666666667 0.038537549407114624
0 0.990625 0.5335968379446641 0.0046875 0.008893280632411068
0 0.7354166666666667 0.48616600790513836 0.0046875 0.008893280632411068
0 0.5380208333333333 0.45652173913043476 0.005208333333333333 0.007905138339920948
4 0.13177083333333334 0.541501976284585 0.010416666666666666 0.05533596837944664
2 0.5479166666666667 0.9051383399209486 0.013020833333333334 0.015810276679841896