3 0.8145833333333333 0.866600790513834 0.0390625 0.1324110671936759
3 0.5822916666666667 0.7549407114624506 0.04375 0.11264822134387352
3 0.10104166666666667 0.6719367588932806 0.024479166666666666 0.09881422924901186
3 0.5057291666666667 0.8458498023715415 0.025520833333333333 0.11166007905138339
3 0.23645833333333333 0.6116600790513834 0.0203125 0.07905138339920949
3 0.6546875 0.6620553359683794 0.023958333333333335 0.08794466403162056
3 0.33125 0.6086956521739131 0.016666666666666666 0.06126482213438735
3 0.19947916666666668 0.5790513833992095 0.023958333333333335 0.06818181818181818
3 0.86875 0.8310276679841897 0.024479166666666666 0.11462450592885376
3 0.5380208333333333 0.8814229249011858 0.023958333333333335 0.1492094861660079
3 0.6286458333333333 0.6383399209486166 0.028125 0.07608695652173914
3 0.5682291666666667 0.7015810276679841 0.028125 0.09387351778656126
3 0.5916666666666667 0.6561264822134387 0.021875 0.08300395256916997
4 0.7145833333333333 0.49703557312252966 0.011979166666666667 0.04743083003952569
0 0.403125 0.49209486166007904 0.005208333333333333 0.009881422924901186
0 0.20104166666666667 0.4772727272727273 0.005729166666666666 0.008893280632411068
4 0.6380208333333334 0.47134387351778656 0.010416666666666666 0.030632411067193676
4 0.9057291666666667 0.5079051383399209 0.009895833333333333 0.05533596837944664
2 0.5208333333333334 0.8626482213438735 0.0125 0.020750988142292492
4 0.859375 0.5059288537549407 0.0109375 0.05632411067193676
4 0.8109375 0.49703557312252966 0.0140625 0.05237154150197629
4 0.7916666666666666 0.5019762845849802 0.011979166666666667 0.04841897233201581
4 0.7776041666666667 0.5009881422924901 0.010416666666666666 0.05039525691699605
4 0.7395833333333334 0.49407114624505927 0.014583333333333334 0.0533596837944664
4 0.6916666666666667 0.49604743083003955 0.011979166666666667 0.045454545454545456
4 0.6682291666666667 0.49308300395256915 0.009895833333333333 0.04743083003952569
4 0.44479166666666664 0.46936758893280633 0.008333333333333333 0.045454545454545456
3 0.5791666666666667 0.7203557312252964 0.019791666666666666 0.10177865612648221