4 0.4703125 0.9347826086956522 0.023958333333333335 0.12845849802371542
3 0.646875 0.6926877470355731 0.030208333333333334 0.0958498023715415
4 0.7666666666666667 0.974308300395257 0.04114583333333333 0.05039525691699605
4 0.29739583333333336 0.7154150197628458 0.019791666666666666 0.09980237154150198
4 0.2916666666666667 0.7974308300395256 0.014583333333333334 0.11857707509881422
4 0.3515625 0.8280632411067194 0.026041666666666668 0.116600790513834
4 0.3854166666666667 0.7786561264822134 0.022395833333333334 0.11462450592885376
4 0.3651041666666667 0.7154150197628458 0.019791666666666666 0.10573122529644269
4 0.33645833333333336 0.6936758893280632 0.023958333333333335 0.10375494071146245
2 0.5848958333333333 0.5217391304347826 0.0109375 0.010869565217391304
4 0.3385416666666667 0.7984189723320159 0.018229166666666668 0.11462450592885376
1 0.48802083333333335 0.8488142292490118 0.009375 0.015810276679841896
4 0.9765625 0.4990118577075099 0.014583333333333334 0.05928853754940711
4 0.9197916666666667 0.4871541501976285 0.011979166666666667 0.05533596837944664
0 0.51875 0.46936758893280633 0.004166666666666667 0.008893280632411068
0 0.3265625 0.49308300395256915 0.005208333333333333 0.007905138339920948
0 0.43333333333333335 0.4782608695652174 0.0046875 0.008893280632411068
0 0.8739583333333333 0.49407114624505927 0.005729166666666666 0.008893280632411068
0 0.32395833333333335 0.58399209486166 0.00625 0.011857707509881422
4 0.99375 0.5049407114624506 0.0125 0.05928853754940711
0 0.7291666666666666 0.4515810276679842 0.0046875 0.009881422924901186
0 0.2703125 0.5009881422924901 0.00625 0.009881422924901186
3 0.64375 0.7025691699604744 0.025520833333333333 0.09980237154150198