3 0.07604166666666666 0.8547430830039525 0.0265625 0.116600790513834
3 0.30885416666666665 0.6857707509881423 0.030208333333333334 0.08201581027667984
3 0.3854166666666667 0.6541501976284585 0.028125 0.07608695652173914
3 0.47604166666666664 0.6976284584980237 0.022916666666666665 0.0958498023715415
3 0.4395833333333333 0.6709486166007905 0.030729166666666665 0.09090909090909091
3 0.5338541666666666 0.7272727272727273 0.030208333333333334 0.07905138339920949
4 0.7244791666666667 0.8468379446640316 0.019270833333333334 0.12055335968379446
4 0.5916666666666667 0.9367588932806324 0.029166666666666667 0.12450592885375494
3 0.271875 0.6205533596837944 0.023958333333333335 0.0741106719367589
3 0.5567708333333333 0.7292490118577075 0.023958333333333335 0.08794466403162056
3 0.2838541666666667 0.6373517786561265 0.017708333333333333 0.07312252964426877
4 0.7458333333333333 0.8043478260869565 0.0265625 0.12154150197628459
4 0.8015625 0.7213438735177866 0.015625 0.11067193675889328
4 0.7729166666666667 0.849802371541502 0.016145833333333335 0.12154150197628459
2 0.575 0.7233201581027668 0.009375 0.010869565217391304
0 0.8109375 0.6047430830039525 0.007291666666666667 0.014822134387351778
4 0.7770833333333333 0.7579051383399209 0.013020833333333334 0.10869565217391304
4 0.0921875 0.4881422924901186 0.01875 0.05731225296442688
0 0.8208333333333333 0.5098814229249012 0.005729166666666666 0.010869565217391304
4 0.0375 0.5227272727272727 0.015104166666666667 0.06324110671936758
0 0.4114583333333333 0.44960474308300397 0.005729166666666666 0.007905138339920948
0 0.7041666666666667 0.4901185770750988 0.005729166666666666 0.009881422924901186
0 0.278125 0.4841897233201581 0.00625 0.008893280632411068
4 0.12239583333333333 0.4990118577075099 0.009895833333333333 0.04743083003952569
0 0.6140625 0.4762845849802372 0.00625 0.008893280632411068
4 0.15208333333333332 0.4505928853754941 0.015104166666666667 0.05138339920948617
4 0.1890625 0.4841897233201581 0.01875 0.05434782608695652
4 0.1375 0.49604743083003955 0.013020833333333334 0.04940711462450593
4 0.16354166666666667 0.4881422924901186 0.014583333333333334 0.05434782608695652
4 0.16822916666666668 0.43478260869565216 0.009375 0.039525691699604744
1 0.5979166666666667 0.857707509881423 0.011458333333333333 0.017786561264822136
4 0.7776041666666667 0.8310276679841897 0.014583333333333334 0.12055335968379446
4 0.7911458333333333 0.7450592885375494 0.0125 0.10573122529644269
0 0.8848958333333333 0.5237154150197628 0.005208333333333333 0.011857707509881422