4 0.759375 0.9288537549407114 0.03697916666666667 0.14031620553359683
3 0.35989583333333336 0.5237154150197628 0.028125 0.08300395256916997
4 0.8307291666666666 0.9347826086956522 0.03958333333333333 0.12845849802371542
3 0.39895833333333336 0.5197628458498024 0.018229166666666668 0.08201581027667984
3 0.3572916666666667 0.4278656126482213 0.0171875 0.06719367588932806
3 0.25677083333333334 0.424901185770751 0.019791666666666666 0.06719367588932806
3 0.6010416666666667 0.6511857707509882 0.0234375 0.12055335968379446
3 0.4354166666666667 0.5079051383399209 0.030729166666666665 0.0741106719367589
3 0.5255208333333333 0.4881422924901186 0.019791666666666666 0.07213438735177866
3 0.5859375 0.66600790513834 0.020833333333333332 0.11166007905138339
3 0.37395833333333334 0.41798418972332013 0.016666666666666666 0.06719367588932806
3 0.5135416666666667 0.4723320158102767 0.0234375 0.06422924901185771
4 0.9135416666666667 0.9466403162055336 0.03802083333333333 0.10375494071146245
3 0.2791666666666667 0.424901185770751 0.013020833333333334 0.06027667984189723
3 0.553125 0.4644268774703557 0.021875 0.06818181818181818
3 0.5739583333333333 0.4644268774703557 0.018229166666666668 0.06225296442687747
4 0.8786458333333333 0.3577075098814229 0.0125 0.05237154150197629
4 0.9885416666666667 0.9703557312252964 0.022916666666666665 0.058300395256917
4 0.9057291666666667 0.36363636363636365 0.0125 0.05039525691699605
0 0.0109375 0.3814229249011858 0.005208333333333333 0.011857707509881422
0 0.12916666666666668 0.35276679841897235 0.0046875 0.009881422924901186
4 0.9609375 0.3557312252964427 0.013541666666666667 0.0533596837944664
4 0.9927083333333333 0.3715415019762846 0.011979166666666667 0.0533596837944664
0 0.44479166666666664 0.32806324110671936 0.004166666666666667 0.009881422924901186
4 0.81875 0.3577075098814229 0.013541666666666667 0.05237154150197629
1 0.7145833333333333 0.8399209486166008 0.0140625 0.015810276679841896
4 0.7942708333333334 0.35375494071146246 0.013541666666666667 0.05039525691699605
4 0.6520833333333333 0.34189723320158105 0.0067708333333333336 0.040513833992094864
4 0.6458333333333334 0.3211462450592885 0.008333333333333333 0.02766798418972332
4 0.9546875 0.9733201581027668 0.0359375 0.0533596837944664
3 0.4395833333333333 0.4743083003952569 0.020833333333333332 0.07213438735177866
4 0.6765625 0.34288537549407117 0.007291666666666667 0.038537549407114624
4 0.7052083333333333 0.3438735177865613 0.00625 0.041501976284584984
4 0.7192708333333333 0.34288537549407117 0.008854166666666666 0.04743083003952569
4 0.746875 0.34881422924901184 0.008333333333333333 0.043478260869565216
4 0.7666666666666667 0.35079051383399207 0.008854166666666666 0.042490118577075096
4 0.9692708333333333 0.3705533596837945 0.014583333333333334 0.04743083003952569