3 0.58125 0.7509881422924901 0.034895833333333334 0.10375494071146245
3 0.48489583333333336 0.8725296442687747 0.029166666666666667 0.12845849802371542
3 0.5145833333333333 0.6403162055335968 0.028645833333333332 0.08794466403162056
3 0.27708333333333335 0.9051383399209486 0.03177083333333333 0.13339920948616601
3 0.5171875 0.8112648221343873 0.025520833333333333 0.11363636363636363
3 0.4609375 0.7292490118577075 0.024479166666666666 0.09090909090909091
3 0.18125 0.9387351778656127 0.04739583333333333 0.12055335968379446
3 0.6307291666666667 0.6047430830039525 0.022395833333333334 0.07015810276679842
3 0.47604166666666664 0.6383399209486166 0.019270833333333334 0.08300395256916997
3 0.7177083333333333 0.6106719367588933 0.019791666666666666 0.0691699604743083
3 0.5333333333333333 0.5454545454545454 0.017708333333333333 0.06126482213438735
3 0.584375 0.5612648221343873 0.0140625 0.06719367588932806
3 0.5515625 0.5355731225296443 0.013020833333333334 0.05928853754940711
3 0.61875 0.5622529644268774 0.018229166666666668 0.06521739130434782
4 0.11458333333333333 0.5395256916996047 0.015104166666666667 0.06422924901185771
4 0.9916666666666667 0.974308300395257 0.015625 0.04940711462450593
2 0.16354166666666667 0.9308300395256917 0.016145833333333335 0.014822134387351778
4 0.23645833333333333 0.4980237154150198 0.009375 0.05533596837944664
0 0.9067708333333333 0.6126482213438735 0.00625 0.011857707509881422
0 0.28229166666666666 0.5098814229249012 0.0046875 0.009881422924901186
0 0.9234375 0.5187747035573123 0.004166666666666667 0.010869565217391304
0 0.7328125 0.49308300395256915 0.0046875 0.008893280632411068
0 0.6197916666666666 0.48023715415019763 0.0046875 0.008893280632411068
0 0.8458333333333333 0.5098814229249012 0.0046875 0.008893280632411068
4 0.004166666666666667 0.5790513833992095 0.0078125 0.06324110671936758