3 0.49375 0.7450592885375494 0.028125 0.0958498023715415
3 0.6635416666666667 0.7391304347826086 0.027604166666666666 0.0958498023715415
4 0.43125 0.9387351778656127 0.023958333333333335 0.12055335968379446
3 0.7729166666666667 0.8962450592885376 0.028645833333333332 0.15019762845849802
3 0.7104166666666667 0.658102766798419 0.025520833333333333 0.08201581027667984
3 0.7822916666666667 0.741106719367589 0.020833333333333332 0.10474308300395258
3 0.5828125 0.6403162055335968 0.017708333333333333 0.08695652173913043
4 0.2833333333333333 0.724308300395257 0.025520833333333333 0.1007905138339921
3 0.8010416666666667 0.6956521739130435 0.019791666666666666 0.09387351778656126
4 0.3484375 0.8300395256916996 0.01875 0.11166007905138339
3 0.5677083333333334 0.6482213438735178 0.019270833333333334 0.05928853754940711
4 0.3072916666666667 0.8211462450592886 0.018229166666666668 0.12055335968379446
4 0.31354166666666666 0.6907114624505929 0.0203125 0.10276679841897234
4 0.32864583333333336 0.733201581027668 0.016666666666666666 0.10869565217391304
4 0.28125 0.8023715415019763 0.0171875 0.11264822134387352
4 0.3541666666666667 0.7845849802371542 0.01875 0.10968379446640317
1 0.4734375 0.8626482213438735 0.008333333333333333 0.01383399209486166
0 0.9453125 0.5118577075098815 0.005208333333333333 0.012845849802371542
0 0.3541666666666667 0.58399209486166 0.005208333333333333 0.011857707509881422
0 0.315625 0.5019762845849802 0.005208333333333333 0.009881422924901186
0 0.37083333333333335 0.49407114624505927 0.0036458333333333334 0.009881422924901186
0 0.478125 0.4851778656126482 0.0046875 0.009881422924901186
0 0.5651041666666666 0.4762845849802372 0.005208333333333333 0.008893280632411068
0 0.7921875 0.4624505928853755 0.004166666666666667 0.008893280632411068
0 0.14895833333333333 0.38636363636363635 0.004166666666666667 0.009881422924901186