3 0.7604166666666666 0.8320158102766798 0.0421875 0.10375494071146245
3 0.46875 0.7292490118577075 0.0203125 0.09881422924901186
3 0.5177083333333333 0.6877470355731226 0.01875 0.08794466403162056
4 0.209375 0.8735177865612648 0.0265625 0.12648221343873517
3 0.5802083333333333 0.6462450592885376 0.021354166666666667 0.07312252964426877
3 0.39114583333333336 0.7272727272727273 0.021875 0.09387351778656126
4 0.375 0.9407114624505929 0.03177083333333333 0.116600790513834
3 0.6359375 0.6778656126482213 0.01875 0.0800395256916996
3 0.3671875 0.75 0.021875 0.06719367588932806
3 0.6578125 0.6264822134387352 0.022916666666666665 0.08300395256916997
4 0.15833333333333333 0.883399209486166 0.021354166666666667 0.13339920948616601
4 0.18229166666666666 0.8359683794466403 0.028125 0.1274703557312253
4 0.10885416666666667 0.7529644268774703 0.016666666666666666 0.11166007905138339
0 0.0640625 0.6324110671936759 0.00625 0.014822134387351778
4 0.1375 0.7905138339920948 0.018229166666666668 0.11956521739130435
4 0.146875 0.8675889328063241 0.0203125 0.13339920948616601
0 0.16822916666666668 0.5019762845849802 0.005208333333333333 0.010869565217391304
4 0.9625 0.5296442687747036 0.0140625 0.06225296442687747
0 0.034375 0.5306324110671937 0.005729166666666666 0.011857707509881422
0 0.46927083333333336 0.44960474308300397 0.0046875 0.008893280632411068
4 0.93125 0.5177865612648221 0.0140625 0.058300395256917
4 0.34375 0.8685770750988142 0.009895833333333333 0.015810276679841896
2 0.48072916666666665 0.7737154150197628 0.0125 0.010869565217391304
0 0.6010416666666667 0.4772727272727273 0.0046875 0.010869565217391304
4 0.7286458333333333 0.48221343873517786 0.009375 0.045454545454545456
0 0.26458333333333334 0.4841897233201581 0.004166666666666667 0.009881422924901186
4 0.6833333333333333 0.4723320158102767 0.011458333333333333 0.05039525691699605
4 0.696875 0.4743083003952569 0.009375 0.04940711462450593
4 0.7677083333333333 0.4743083003952569 0.014583333333333334 0.05237154150197629
4 0.69375 0.4278656126482213 0.0067708333333333336 0.040513833992094864
4 0.7427083333333333 0.48320158102766797 0.0109375 0.04940711462450593
4 0.7057291666666666 0.4762845849802372 0.008333333333333333 0.05138339920948617
4 0.6421875 0.4624505928853755 0.010416666666666666 0.05731225296442688
4 0.15416666666666667 0.40118577075098816 0.0078125 0.03162055335968379
4 0.11927083333333334 0.7776679841897233 0.015625 0.11264822134387352
4 0.8203125 0.5009881422924901 0.010416666666666666 0.05731225296442688
4 0.8739583333333333 0.5148221343873518 0.0125 0.05928853754940711
4 0.940625 0.5266798418972332 0.015625 0.05434782608695652