3 0.4822916666666667 0.7470355731225297 0.022395833333333334 0.09387351778656126
3 0.8083333333333333 0.6719367588932806 0.028125 0.08596837944664032
3 0.8239583333333333 0.5760869565217391 0.013541666666666667 0.07905138339920949
3 0.3609375 0.7193675889328063 0.0234375 0.09782608695652174
3 0.6125 0.6373517786561265 0.023958333333333335 0.07213438735177866
3 0.5354166666666667 0.616600790513834 0.016145833333333335 0.0691699604743083
3 0.63125 0.5642292490118577 0.019791666666666666 0.0691699604743083
3 0.7708333333333334 0.5573122529644269 0.0140625 0.06818181818181818
3 0.5807291666666666 0.558300395256917 0.017708333333333333 0.058300395256917
3 0.7114583333333333 0.5899209486166008 0.0140625 0.07707509881422925
4 0.3385416666666667 0.4980237154150198 0.0109375 0.0533596837944664
3 0.740625 0.5958498023715415 0.015104166666666667 0.07707509881422925
3 0.7265625 0.6353754940711462 0.022916666666666665 0.07312252964426877
4 0.043229166666666666 0.5454545454545454 0.015625 0.06719367588932806
4 0.0765625 0.5375494071146245 0.0171875 0.06126482213438735
0 0.8671875 0.5039525691699605 0.005208333333333333 0.010869565217391304
0 0.5010416666666667 0.4901185770750988 0.005729166666666666 0.010869565217391304
0 0.6614583333333334 0.46047430830039526 0.005729166666666666 0.008893280632411068
0 0.21875 0.3824110671936759 0.005208333333333333 0.01383399209486166
4 0.021875 0.5543478260869565 0.013541666666666667 0.06422924901185771
3 0.425 0.8942687747035574 0.04479166666666667 0.11956521739130435
3 0.4239583333333333 0.91600790513834 0.03125 0.14525691699604742
4 0.10833333333333334 0.5395256916996047 0.009895833333333333 0.05731225296442688
4 0.128125 0.5424901185770751 0.011458333333333333 0.040513833992094864
4 0.15989583333333332 0.5266798418972332 0.019270833333333334 0.058300395256917
4 0.19635416666666666 0.525691699604743 0.011979166666666667 0.05138339920948617
4 0.2203125 0.5227272727272727 0.011979166666666667 0.04940711462450593
4 0.24791666666666667 0.516798418972332 0.009895833333333333 0.0533596837944664
4 0.2526041666666667 0.4891304347826087 0.009895833333333333 0.029644268774703556
4 0.46041666666666664 0.4723320158102767 0.008333333333333333 0.045454545454545456