3 0.7291666666666666 0.5513833992094862 0.033854166666666664 0.08695652173913043
3 0.8677083333333333 0.575098814229249 0.027604166666666666 0.09387351778656126
3 0.45260416666666664 0.567193675889328 0.026041666666666668 0.09189723320158102
3 0.3541666666666667 0.5958498023715415 0.025520833333333333 0.08102766798418973
3 0.7869791666666667 0.5227272727272727 0.025 0.08102766798418973
3 0.6541666666666667 0.6571146245059288 0.03697916666666667 0.11067193675889328
3 0.6255208333333333 0.5602766798418972 0.01875 0.09683794466403162
3 0.17916666666666667 0.4644268774703557 0.01875 0.0741106719367589
3 0.6807291666666667 0.6600790513833992 0.030208333333333334 0.09980237154150198
3 0.390625 0.47134387351778656 0.01875 0.06719367588932806
3 0.2734375 0.5681818181818182 0.019791666666666666 0.08695652173913043
3 0.20208333333333334 0.4644268774703557 0.016145833333333335 0.06126482213438735
3 0.278125 0.5830039525691699 0.0203125 0.09387351778656126
3 0.3734375 0.45553359683794464 0.015625 0.06126482213438735
1 0.9010416666666666 0.8280632411067194 0.0125 0.014822134387351778
4 0.6359375 0.3458498023715415 0.010416666666666666 0.039525691699604744
4 0.6135416666666667 0.3438735177865613 0.010416666666666666 0.041501976284584984
2 0.2916666666666667 0.5434782608695652 0.0109375 0.012845849802371542
4 0.6765625 0.3438735177865613 0.011458333333333333 0.04841897233201581
4 0.91875 0.35968379446640314 0.011458333333333333 0.046442687747035576
4 0.9463541666666667 0.35968379446640314 0.014583333333333334 0.04940711462450593
4 0.9875 0.3438735177865613 0.011458333333333333 0.05039525691699605
4 0.8869791666666667 0.3458498023715415 0.011458333333333333 0.05039525691699605
0 0.396875 0.3438735177865613 0.0046875 0.008893280632411068
0 0.058333333333333334 0.3883399209486166 0.005208333333333333 0.009881422924901186
4 0.8203125 0.34782608695652173 0.011458333333333333 0.04841897233201581
4 0.9 0.3557312252964427 0.013020833333333334 0.04841897233201581
4 0.9734375 0.3616600790513834 0.015625 0.05237154150197629
4 0.59375 0.32608695652173914 0.0140625 0.03162055335968379
4 0.8458333333333333 0.35375494071146246 0.0125 0.046442687747035576
0 0.2296875 0.33201581027667987 0.004166666666666667 0.007905138339920948
4 0.43020833333333336 0.32707509881422925 0.010416666666666666 0.043478260869565216
4 0.7036458333333333 0.34980237154150196 0.009895833333333333 0.043478260869565216
4 0.721875 0.35079051383399207 0.008854166666666666 0.042490118577075096
4 0.7473958333333334 0.34980237154150196 0.009895833333333333 0.045454545454545456
4 0.771875 0.35375494071146246 0.0078125 0.045454545454545456
4 0.9572916666666667 0.3616600790513834 0.011458333333333333 0.046442687747035576