3 0.7208333333333333 0.6778656126482213 0.03177083333333333 0.12450592885375494
3 0.7739583333333333 0.6640316205533597 0.0265625 0.10770750988142293
3 0.6760416666666667 0.5909090909090909 0.03125 0.09387351778656126
3 0.7520833333333333 0.9446640316205533 0.028645833333333332 0.10968379446640317
3 0.4947916666666667 0.6205533596837944 0.024479166666666666 0.10770750988142293
3 0.3541666666666667 0.5899209486166008 0.0234375 0.09683794466403162
3 0.5229166666666667 0.4901185770750988 0.018229166666666668 0.0800395256916996
3 0.47291666666666665 0.4743083003952569 0.020833333333333332 0.07707509881422925
3 0.640625 0.46047430830039526 0.0234375 0.07608695652173914
3 0.6364583333333333 0.5849802371541502 0.019270833333333334 0.09486166007905138
3 0.6177083333333333 0.44664031620553357 0.0203125 0.06719367588932806
3 0.8177083333333334 0.43379446640316205 0.018229166666666668 0.06126482213438735
3 0.7145833333333333 0.9525691699604744 0.03177083333333333 0.09189723320158102
3 0.7026041666666667 0.4150197628458498 0.015625 0.06027667984189723
3 0.6875 0.4288537549407115 0.021354166666666667 0.06422924901185771
3 0.8036458333333333 0.43280632411067194 0.017708333333333333 0.05731225296442688
4 0.008854166666666666 0.39920948616600793 0.014583333333333334 0.06225296442687747
4 0.16979166666666667 0.3695652173913043 0.011458333333333333 0.05533596837944664
4 0.023958333333333335 0.39723320158102765 0.015625 0.06027667984189723
4 0.05520833333333333 0.3922924901185771 0.013020833333333334 0.05928853754940711
3 0.6395833333333333 0.9723320158102767 0.036458333333333336 0.0533596837944664
4 0.07916666666666666 0.3705533596837945 0.013541666666666667 0.05533596837944664
4 0.23697916666666666 0.3715415019762846 0.009375 0.05138339920948617
4 0.26145833333333335 0.36462450592885376 0.0125 0.05237154150197629
4 0.14479166666666668 0.3774703557312253 0.014583333333333334 0.06027667984189723
0 0.5932291666666667 0.3300395256916996 0.004166666666666667 0.008893280632411068
4 0.290625 0.35968379446640314 0.011979166666666667 0.04841897233201581
4 0.39114583333333336 0.32608695652173914 0.011458333333333333 0.03162055335968379
1 0.678125 0.8656126482213439 0.011979166666666667 0.019762845849802372
0 0.9078125 0.34288537549407117 0.0036458333333333334 0.008893280632411068
4 0.5614583333333333 0.31521739130434784 0.008854166666666666 0.041501976284584984
4 0.4010416666666667 0.3458498023715415 0.008333333333333333 0.043478260869565216
4 0.3776041666666667 0.35079051383399207 0.008854166666666666 0.040513833992094864
4 0.3489583333333333 0.35375494071146246 0.009375 0.045454545454545456
4 0.33489583333333334 0.35177865612648224 0.009375 0.05039525691699605
4 0.3098958333333333 0.358695652173913 0.009895833333333333 0.046442687747035576
4 0.07864583333333333 0.3893280632411067 0.015104166666666667 0.05138339920948617