4 0.5296875 0.9347826086956522 0.023958333333333335 0.12845849802371542
3 0.353125 0.6926877470355731 0.030208333333333334 0.0958498023715415
4 0.23333333333333334 0.974308300395257 0.04114583333333333 0.05039525691699605
4 0.7026041666666667 0.7154150197628458 0.019791666666666666 0.09980237154150198
4 0.7083333333333334 0.7974308300395256 0.014583333333333334 0.11857707509881422
4 0.6484375 0.8280632411067194 0.026041666666666668 0.116600790513834
4 0.6145833333333334 0.7786561264822134 0.022395833333333334 0.11462450592885376
4 0.6348958333333333 0.7154150197628458 0.019791666666666666 0.10573122529644269
4 0.6635416666666667 0.6936758893280632 0.023958333333333335 0.10375494071146245
2 0.41510416666666666 0.5217391304347826 0.0109375 0.010869565217391304
4 0.6614583333333334 0.7984189723320159 0.018229166666666668 0.11462450592885376
1 0.5119791666666667 0.8488142292490118 0.009375 0.015810276679841896
4 0.0234375 0.4990118577075099 0.014583333333333334 0.05928853754940711
4 0.08020833333333334 0.4871541501976285 0.011979166666666667 0.05533596837944664
0 0.48125 0.46936758893280633 0.004166666666666667 0.008893280632411068
0 0.6734375 0.49308300395256915 0.005208333333333333 0.007905138339920948
0 0.5666666666666667 0.4782608695652174 0.0046875 0.008893280632411068
0 0.12604166666666666 0.49407114624505927 0.005729166666666666 0.008893280632411068
0 0.6760416666666667 0.58399209486166 0.00625 0.011857707509881422
4 0.00625 0.5049407114624506 0.0125 0.05928853754940711
0 0.2708333333333333 0.4515810276679842 0.0046875 0.009881422924901186
0 0.7296875 0.5009881422924901 0.00625 0.009881422924901186
3 0.35625 0.7025691699604744 0.025520833333333333 0.09980237154150198