3 0.5385416666666667 0.6788537549407114 0.0390625 0.08102766798418973
3 0.46510416666666665 0.6363636363636364 0.028125 0.07509881422924901
3 0.9145833333333333 0.6353754940711462 0.026041666666666668 0.07509881422924901
4 0.16666666666666666 0.9347826086956522 0.03229166666666667 0.12845849802371542
3 0.6692708333333334 0.5958498023715415 0.027083333333333334 0.06719367588932806
3 0.7510416666666667 0.6739130434782609 0.027604166666666666 0.07608695652173914
3 0.865625 0.7697628458498024 0.0328125 0.1067193675889328
3 0.78125 0.6373517786561265 0.028125 0.06719367588932806
3 0.8447916666666667 0.6324110671936759 0.025 0.06620553359683795
3 0.6052083333333333 0.5948616600790514 0.019270833333333334 0.06324110671936758
3 0.7489583333333333 0.6185770750988142 0.021354166666666667 0.06818181818181818
3 0.6447916666666667 0.5869565217391305 0.0171875 0.058300395256917
3 0.8348958333333333 0.5968379446640316 0.021875 0.07114624505928854
0 0.634375 0.4871541501976285 0.007291666666666667 0.009881422924901186
0 0.9916666666666667 0.5434782608695652 0.007291666666666667 0.010869565217391304
1 0.030208333333333334 0.941699604743083 0.020833333333333332 0.019762845849802372
3 0.8333333333333334 0.7648221343873518 0.0328125 0.12549407114624506
2 0.7286458333333333 0.650197628458498 0.0109375 0.012845849802371542