3 0.6479166666666667 0.4762845849802372 0.033854166666666664 0.07806324110671936
3 0.6583333333333333 0.34881422924901184 0.015104166666666667 0.06225296442687747
3 0.5864583333333333 0.3952569169960474 0.022916666666666665 0.07114624505928854
3 0.1828125 0.5138339920948617 0.020833333333333332 0.08695652173913043
3 0.8333333333333334 0.3883399209486166 0.015104166666666667 0.0691699604743083
3 0.1046875 0.5059288537549407 0.0234375 0.07608695652173914
3 0.7557291666666667 0.45849802371541504 0.023958333333333335 0.07608695652173914
3 0.765625 0.3942687747035573 0.0171875 0.07015810276679842
3 0.6463541666666667 0.34881422924901184 0.021875 0.06126482213438735
3 0.25104166666666666 0.6304347826086957 0.026041666666666668 0.09881422924901186
3 0.371875 0.3784584980237154 0.010416666666666666 0.058300395256917
3 0.4791666666666667 0.3675889328063241 0.016145833333333335 0.0691699604743083
3 0.009895833333333333 0.5928853754940712 0.019791666666666666 0.1007905138339921
3 0.20364583333333333 0.37450592885375494 0.011979166666666667 0.05928853754940711
2 0.6619791666666667 0.3458498023715415 0.005208333333333333 0.011857707509881422