3 0.7083333333333334 0.6314229249011858 0.0203125 0.10177865612648221
3 0.3484375 0.42391304347826086 0.0125 0.07114624505928854
3 0.23385416666666667 0.42391304347826086 0.022916666666666665 0.07707509881422925
3 0.7322916666666667 0.4575098814229249 0.016145833333333335 0.07707509881422925
3 0.8578125 0.5049407114624506 0.019270833333333334 0.08201581027667984
3 0.8197916666666667 0.45948616600790515 0.01875 0.0691699604743083
3 0.4484375 0.33992094861660077 0.011979166666666667 0.05533596837944664
3 0.31927083333333334 0.525691699604743 0.0296875 0.08596837944664032
3 0.5890625 0.3438735177865613 0.011458333333333333 0.05533596837944664
3 0.48072916666666665 0.33695652173913043 0.013020833333333334 0.06126482213438735
3 0.7171875 0.32707509881422925 0.011458333333333333 0.04940711462450593
4 0.033854166666666664 0.3616600790513834 0.016666666666666666 0.07015810276679842
4 0.12291666666666666 0.28952569169960474 0.011458333333333333 0.06027667984189723
4 0.0203125 0.3685770750988142 0.010416666666666666 0.06818181818181818
4 0.11354166666666667 0.29150197628458496 0.010416666666666666 0.05731225296442688
4 0.0140625 0.37648221343873517 0.016145833333333335 0.06521739130434782
3 0.221875 0.4298418972332016 0.04114583333333333 0.0741106719367589
3 0.31302083333333336 0.549407114624506 0.0390625 0.10375494071146245
3 0.353125 0.4298418972332016 0.013541666666666667 0.07608695652173914