3 0.5265625 0.3339920948616601 0.019270833333333334 0.0741106719367589
3 0.3515625 0.43379446640316205 0.023958333333333335 0.08992094861660078
3 0.45677083333333335 0.3606719367588933 0.016145833333333335 0.0800395256916996
3 0.78125 0.4505928853754941 0.017708333333333333 0.08102766798418973
3 0.42083333333333334 0.43280632411067194 0.017708333333333333 0.08695652173913043
3 0.7380208333333333 0.4367588932806324 0.019791666666666666 0.08102766798418973
3 0.7088541666666667 0.33992094861660077 0.011458333333333333 0.06225296442687747
3 0.7791666666666667 0.3221343873517787 0.015625 0.06027667984189723
3 0.1671875 0.45948616600790515 0.0234375 0.08893280632411067
3 0.9609375 0.4644268774703557 0.021875 0.08695652173913043
3 0.9453125 0.48023715415019763 0.0265625 0.09683794466403162
3 0.9302083333333333 0.5454545454545454 0.028645833333333332 0.10474308300395258
3 0.1796875 0.4950592885375494 0.028645833333333332 0.12648221343873517
4 0.2375 0.2549407114624506 0.009375 0.06225296442687747
4 0.22604166666666667 0.25691699604743085 0.007291666666666667 0.05434782608695652
4 0.2869791666666667 0.21739130434782608 0.0078125 0.04841897233201581
4 0.2942708333333333 0.21442687747035574 0.009375 0.04743083003952569
4 0.22239583333333332 0.2618577075098814 0.008854166666666666 0.05533596837944664
0 0.07708333333333334 0.4298418972332016 0.0067708333333333336 0.00691699604743083