3 0.7598958333333333 0.4673913043478261 0.01875 0.08794466403162056
3 0.5541666666666667 0.525691699604743 0.019270833333333334 0.09090909090909091
3 0.35208333333333336 0.5118577075098815 0.0203125 0.08102766798418973
3 0.6614583333333334 0.5 0.022395833333333334 0.08794466403162056
3 0.47708333333333336 0.47134387351778656 0.019791666666666666 0.0741106719367589
3 0.7265625 0.49407114624505927 0.019791666666666666 0.09486166007905138
3 0.40989583333333335 0.49604743083003955 0.021354166666666667 0.0958498023715415
3 0.4859375 0.22529644268774704 0.009375 0.037549407114624504
3 0.5307291666666667 0.22332015810276679 0.009895833333333333 0.03260869565217391
3 0.5114583333333333 0.22924901185770752 0.008854166666666666 0.03557312252964427
3 0.571875 0.22134387351778656 0.008854166666666666 0.03359683794466403
3 0.6114583333333333 0.21640316205533597 0.009895833333333333 0.03557312252964427
4 0.9583333333333334 0.30335968379446643 0.013020833333333334 0.06521739130434782
4 0.9479166666666666 0.2994071146245059 0.013541666666666667 0.06126482213438735
3 0.60625 0.23122529644268774 0.008854166666666666 0.03260869565217391
3 0.565625 0.23221343873517786 0.009895833333333333 0.037549407114624504