3 0.2635416666666667 0.45849802371541504 0.03125 0.07707509881422925
3 0.7838541666666666 0.4990118577075099 0.022916666666666665 0.08695652173913043
3 0.80625 0.6185770750988142 0.03177083333333333 0.09881422924901186
3 0.8651041666666667 0.5 0.021354166666666667 0.07707509881422925
3 0.39895833333333336 0.34189723320158105 0.013541666666666667 0.06225296442687747
3 0.6583333333333333 0.38636363636363635 0.015625 0.058300395256917
3 0.9286458333333333 0.5662055335968379 0.022916666666666665 0.09486166007905138
3 0.36770833333333336 0.4792490118577075 0.020833333333333332 0.07707509881422925
3 0.5239583333333333 0.37549407114624506 0.0125 0.05138339920948617
3 0.48125 0.36462450592885376 0.0109375 0.05138339920948617
3 0.759375 0.37549407114624506 0.0140625 0.05731225296442688
3 0.6078125 0.36264822134387353 0.013020833333333334 0.05731225296442688
3 0.37395833333333334 0.33794466403162055 0.0265625 0.05138339920948617
3 0.6010416666666667 0.3715415019762846 0.015104166666666667 0.06422924901185771
2 0.3390625 0.33794466403162055 0.0067708333333333336 0.004940711462450593
3 0.2640625 0.14130434782608695 0.005208333333333333 0.019762845849802372