3 0.5932291666666667 0.4426877470355731 0.025 0.08992094861660078
3 0.48072916666666665 0.33300395256917 0.019791666666666666 0.0741106719367589
3 0.565625 0.35177865612648224 0.01875 0.0741106719367589
3 0.22239583333333332 0.41798418972332013 0.01875 0.07905138339920949
3 0.28125 0.4140316205533597 0.016145833333333335 0.08102766798418973
3 0.5375 0.4357707509881423 0.018229166666666668 0.08794466403162056
3 0.06458333333333334 0.44861660079051385 0.018229166666666668 0.08596837944664032
3 0.07447916666666667 0.4673913043478261 0.018229166666666668 0.09683794466403162
3 0.090625 0.5365612648221344 0.021354166666666667 0.10177865612648221
3 0.3046875 0.3359683794466403 0.015625 0.06027667984189723
3 0.24010416666666667 0.3132411067193676 0.014583333333333334 0.05632411067193676
3 0.7375 0.5237154150197628 0.03125 0.11857707509881422
3 0.8182291666666667 0.5247035573122529 0.0203125 0.11166007905138339
2 0.8067708333333333 0.5098814229249012 0.011458333333333333 0.012845849802371542
4 0.7895833333333333 0.25691699604743085 0.010416666666666666 0.06027667984189723
4 0.8005208333333333 0.25889328063241107 0.008854166666666666 0.05533596837944664
4 0.7317708333333334 0.21640316205533597 0.008854166666666666 0.046442687747035576
4 0.7390625 0.21739130434782608 0.008333333333333333 0.04841897233201581
4 0.8052083333333333 0.26383399209486164 0.009375 0.05434782608695652
0 0.9526041666666667 0.43478260869565216 0.0067708333333333336 0.008893280632411068