3 0.15625 0.5108695652173914 0.023958333333333335 0.08794466403162056
3 0.140625 0.6403162055335968 0.027083333333333334 0.10276679841897234
3 0.6677083333333333 0.4634387351778656 0.023958333333333335 0.0741106719367589
3 0.2864583333333333 0.3932806324110672 0.014583333333333334 0.05928853754940711
3 0.47708333333333336 0.3794466403162055 0.016145833333333335 0.05138339920948617
3 0.42864583333333334 0.39920948616600793 0.020833333333333332 0.06126482213438735
3 0.6161458333333333 0.3468379446640316 0.013541666666666667 0.0533596837944664
3 0.578125 0.34980237154150196 0.017708333333333333 0.05039525691699605
3 0.7432291666666667 0.41699604743083 0.01875 0.08102766798418973
3 0.37552083333333336 0.3705533596837945 0.016666666666666666 0.05928853754940711
3 0.078125 0.5108695652173914 0.021354166666666667 0.08102766798418973
3 0.18020833333333333 0.3794466403162055 0.0125 0.05632411067193676
3 0.004166666666666667 0.6136363636363636 0.008333333333333333 0.04743083003952569
3 0.37604166666666666 0.34980237154150196 0.0125 0.044466403162055336
2 0.73125 0.3547430830039526 0.008854166666666666 0.00691699604743083