3 0.325 0.6215415019762845 0.028125 0.10177865612648221
3 0.7546875 0.6057312252964426 0.028645833333333332 0.116600790513834
3 0.4479166666666667 0.4782608695652174 0.01875 0.07213438735177866
3 0.5286458333333334 0.6452569169960475 0.024479166666666666 0.11166007905138339
3 0.39791666666666664 0.5563241106719368 0.0234375 0.10474308300395258
3 0.7802083333333333 0.5770750988142292 0.025520833333333333 0.11363636363636363
3 0.675 0.5711462450592886 0.025 0.10573122529644269
3 0.6609375 0.31225296442687744 0.0109375 0.05138339920948617
3 0.6109375 0.2618577075098814 0.010416666666666666 0.04940711462450593
3 0.5958333333333333 0.3092885375494071 0.0109375 0.05237154150197629
3 0.49895833333333334 0.2865612648221344 0.008854166666666666 0.044466403162055336
3 0.4552083333333333 0.26679841897233203 0.010416666666666666 0.044466403162055336
3 0.4671875 0.2865612648221344 0.0125 0.042490118577075096
2 0.6666666666666666 0.5563241106719368 0.005729166666666666 0.009881422924901186
3 0.43697916666666664 0.30138339920948615 0.0109375 0.04940711462450593
2 0.4666666666666667 0.04940711462450593 0.005729166666666666 0.003952569169960474