3 0.22604166666666667 0.366600790513834 0.013541666666666667 0.07015810276679842
3 0.26510416666666664 0.3231225296442688 0.019270833333333334 0.06422924901185771
3 0.41770833333333335 0.32806324110671936 0.019270833333333334 0.05928853754940711
3 0.8572916666666667 0.525691699604743 0.022395833333333334 0.09683794466403162
3 0.8151041666666666 0.4397233201581028 0.017708333333333333 0.07509881422924901
3 0.2921875 0.32806324110671936 0.0140625 0.0691699604743083
3 0.45208333333333334 0.325098814229249 0.01875 0.06225296442687747
3 0.21145833333333333 0.36561264822134387 0.013020833333333334 0.06818181818181818
3 0.49114583333333334 0.31521739130434784 0.015625 0.05138339920948617
3 0.7057291666666666 0.31225296442687744 0.0125 0.05138339920948617
3 0.4625 0.3883399209486166 0.022395833333333334 0.06422924901185771
3 0.428125 0.3814229249011858 0.021354166666666667 0.06027667984189723
3 0.7010416666666667 0.4278656126482213 0.019270833333333334 0.07806324110671936
3 0.6890625 0.49407114624505927 0.022395833333333334 0.08498023715415019
4 0.10625 0.283596837944664 0.013020833333333334 0.06126482213438735
4 0.09479166666666666 0.2885375494071146 0.008854166666666666 0.058300395256917
4 0.16041666666666668 0.2391304347826087 0.008854166666666666 0.05039525691699605
4 0.16979166666666667 0.2381422924901186 0.010416666666666666 0.05039525691699605
4 0.09010416666666667 0.29347826086956524 0.0109375 0.05632411067193676
2 0.4510416666666667 0.3211462450592885 0.0067708333333333336 0.007905138339920948