3 0.396875 0.3824110671936759 0.01875 0.06818181818181818
3 0.6416666666666667 0.3952569169960474 0.016145833333333335 0.03557312252964427
3 0.07760416666666667 0.5563241106719368 0.023958333333333335 0.09881422924901186
3 0.4947916666666667 0.47134387351778656 0.0171875 0.07509881422924901
3 0.44947916666666665 0.5039525691699605 0.0234375 0.08794466403162056
3 0.7145833333333333 0.3922924901185771 0.022395833333333334 0.05632411067193676
3 0.4276041666666667 0.3606719367588933 0.016145833333333335 0.06027667984189723
3 0.21510416666666668 0.4199604743083004 0.01875 0.06126482213438735
3 0.7041666666666667 0.4061264822134387 0.0328125 0.05039525691699605
3 0.008333333333333333 0.5543478260869565 0.016666666666666666 0.08794466403162056
3 0.034895833333333334 0.7292490118577075 0.026041666666666668 0.11561264822134387
3 0.09583333333333334 0.4051383399209486 0.016145833333333335 0.06027667984189723
3 0.6390625 0.4268774703557312 0.024479166666666666 0.08102766798418973
2 0.7119791666666667 0.40019762845849804 0.005729166666666666 0.008893280632411068