3 0.7442708333333333 0.4762845849802372 0.021354166666666667 0.0741106719367589
3 0.9026041666666667 0.5474308300395256 0.022916666666666665 0.08695652173913043
3 0.20104166666666667 0.4743083003952569 0.025520833333333333 0.09090909090909091
3 0.21770833333333334 0.48023715415019763 0.027083333333333334 0.0958498023715415
3 0.7432291666666667 0.7015810276679841 0.027083333333333334 0.11067193675889328
3 0.7369791666666666 0.3448616600790514 0.0125 0.05237154150197629
3 0.44635416666666666 0.3468379446640316 0.016145833333333335 0.05731225296442688
3 0.5885416666666666 0.36363636363636365 0.013541666666666667 0.05533596837944664
3 0.8526041666666667 0.5019762845849802 0.0203125 0.07905138339920949
3 0.49114583333333334 0.33794466403162055 0.013020833333333334 0.05731225296442688
3 0.4557291666666667 0.5098814229249012 0.0234375 0.08201581027667984
3 0.33645833333333336 0.4318181818181818 0.015625 0.07114624505928854
3 0.32135416666666666 0.4268774703557312 0.022916666666666665 0.07608695652173914
3 0.4744791666666667 0.5405138339920948 0.024479166666666666 0.08992094861660078
4 0.078125 0.31225296442687744 0.0109375 0.058300395256917
4 0.0875 0.3092885375494071 0.0125 0.06027667984189723
2 0.19270833333333334 0.46936758893280633 0.008333333333333333 0.012845849802371542