3 0.7734375 0.366600790513834 0.017708333333333333 0.07213438735177866
3 0.3020833333333333 0.4288537549407115 0.016666666666666666 0.08102766798418973
3 0.14375 0.5266798418972332 0.021875 0.09288537549407115
3 0.7942708333333334 0.3715415019762846 0.0171875 0.06422924901185771
3 0.5875 0.32707509881422925 0.0125 0.06620553359683795
3 0.5130208333333334 0.3201581027667984 0.015104166666666667 0.05039525691699605
3 0.2953125 0.3132411067193676 0.011458333333333333 0.05138339920948617
3 0.7317708333333334 0.3231225296442688 0.014583333333333334 0.06422924901185771
3 0.5322916666666667 0.38636363636363635 0.022916666666666665 0.06422924901185771
3 0.5677083333333334 0.3804347826086957 0.0140625 0.06027667984189723
3 0.5557291666666667 0.3231225296442688 0.013541666666666667 0.06620553359683795
3 0.7104166666666667 0.3310276679841897 0.010416666666666666 0.0691699604743083
3 0.18854166666666666 0.4407114624505929 0.0171875 0.07312252964426877
3 0.31354166666666666 0.4980237154150198 0.020833333333333332 0.08596837944664032
4 0.9057291666666667 0.29150197628458496 0.008854166666666666 0.05533596837944664
4 0.8942708333333333 0.2875494071146245 0.013541666666666667 0.06126482213438735
4 0.83125 0.24011857707509882 0.009895833333333333 0.05039525691699605
4 0.8395833333333333 0.24110671936758893 0.0078125 0.05039525691699605
4 0.909375 0.2964426877470356 0.010416666666666666 0.05632411067193676