3 0.7291666666666666 0.34980237154150196 0.0203125 0.07608695652173914
3 0.55 0.30335968379446643 0.013541666666666667 0.06126482213438735
3 0.5453125 0.366600790513834 0.025 0.06620553359683795
3 0.3697916666666667 0.32707509881422925 0.011458333333333333 0.05731225296442688
3 0.16875 0.4308300395256917 0.013541666666666667 0.08102766798418973
3 0.7546875 0.3695652173913043 0.016666666666666666 0.07312252964426877
3 0.4895833333333333 0.3181818181818182 0.013020833333333334 0.06027667984189723
3 0.23489583333333333 0.43873517786561267 0.015104166666666667 0.08201581027667984
3 0.0984375 0.5128458498023716 0.0203125 0.1007905138339921
3 0.41875 0.34881422924901184 0.0203125 0.06719367588932806
3 0.32760416666666664 0.2865612648221344 0.0125 0.05039525691699605
3 0.5895833333333333 0.45553359683794464 0.0390625 0.0800395256916996
3 0.2484375 0.5108695652173914 0.022916666666666665 0.09486166007905138
3 0.5807291666666666 0.4762845849802372 0.027604166666666666 0.09288537549407115
4 0.890625 0.26383399209486164 0.0125 0.06225296442687747
4 0.8276041666666667 0.22134387351778656 0.010416666666666666 0.04841897233201581
4 0.8348958333333333 0.22233201581027667 0.008854166666666666 0.04940711462450593
4 0.9010416666666666 0.26778656126482214 0.009895833333333333 0.05731225296442688
4 0.9052083333333333 0.2717391304347826 0.0109375 0.05434782608695652