3 0.24010416666666667 0.4673913043478261 0.01875 0.08794466403162056
3 0.44583333333333336 0.525691699604743 0.019270833333333334 0.09090909090909091
3 0.6479166666666667 0.5118577075098815 0.0203125 0.08102766798418973
3 0.3385416666666667 0.5 0.022395833333333334 0.08794466403162056
3 0.5229166666666667 0.47134387351778656 0.019791666666666666 0.0741106719367589
3 0.2734375 0.49407114624505927 0.019791666666666666 0.09486166007905138
3 0.5901041666666667 0.49604743083003955 0.021354166666666667 0.0958498023715415
3 0.5140625 0.22529644268774704 0.009375 0.037549407114624504
3 0.46927083333333336 0.22332015810276679 0.009895833333333333 0.03260869565217391
3 0.48854166666666665 0.22924901185770752 0.008854166666666666 0.03557312252964427
3 0.428125 0.22134387351778656 0.008854166666666666 0.03359683794466403
3 0.3885416666666667 0.21640316205533597 0.009895833333333333 0.03557312252964427
4 0.041666666666666664 0.30335968379446643 0.013020833333333334 0.06521739130434782
4 0.052083333333333336 0.2994071146245059 0.013541666666666667 0.06126482213438735
3 0.39375 0.23122529644268774 0.008854166666666666 0.03260869565217391
3 0.434375 0.23221343873517786 0.009895833333333333 0.037549407114624504