3 0.6791666666666667 0.5355731225296443 0.030729166666666665 0.09288537549407115
3 0.4671875 0.44367588932806323 0.022916666666666665 0.05138339920948617
3 0.5875 0.5375494071146245 0.018229166666666668 0.07114624505928854
3 0.2375 0.4851778656126482 0.019270833333333334 0.0741106719367589
3 0.5135416666666667 0.4278656126482213 0.0265625 0.06521739130434782
3 0.3697916666666667 0.35375494071146246 0.011458333333333333 0.058300395256917
3 0.40520833333333334 0.35968379446640314 0.013020833333333334 0.058300395256917
3 0.5515625 0.3547430830039526 0.014583333333333334 0.0533596837944664
3 0.011458333333333333 0.6037549407114624 0.022916666666666665 0.10869565217391304
3 0.5166666666666667 0.3557312252964427 0.013541666666666667 0.04940711462450593
3 0.027604166666666666 0.6946640316205533 0.034375 0.11166007905138339
3 0.008333333333333333 0.4990118577075099 0.016666666666666666 0.07707509881422925