3 0.15 0.5306324110671937 0.025520833333333333 0.09288537549407115
3 0.6359375 0.3616600790513834 0.013020833333333334 0.06324110671936758
3 0.6776041666666667 0.5247035573122529 0.042708333333333334 0.08498023715415019
3 0.6677083333333333 0.4268774703557312 0.01875 0.07015810276679842
3 0.2046875 0.6936758893280632 0.023958333333333335 0.116600790513834
3 0.6005208333333333 0.4891304347826087 0.016666666666666666 0.07509881422924901
3 0.7192708333333333 0.3814229249011858 0.015625 0.05928853754940711
3 0.30520833333333336 0.40118577075098816 0.013020833333333334 0.05632411067193676
3 0.5385416666666667 0.40711462450592883 0.017708333333333333 0.0741106719367589
3 0.065625 0.5266798418972332 0.0234375 0.0800395256916996
3 0.78125 0.37450592885375494 0.016666666666666666 0.06620553359683795
3 0.16041666666666668 0.3932806324110672 0.0140625 0.058300395256917
3 0.6276041666666666 0.3705533596837945 0.01875 0.06027667984189723
2 0.6411458333333333 0.35968379446640314 0.00625 0.007905138339920948