3 0.6963541666666667 0.3952569169960474 0.022916666666666665 0.08893280632411067
3 0.39427083333333335 0.33794466403162055 0.013541666666666667 0.06521739130434782
3 0.39166666666666666 0.29051383399209485 0.011979166666666667 0.05237154150197629
3 0.7588541666666667 0.4792490118577075 0.025520833333333333 0.11264822134387352
3 0.5171875 0.3458498023715415 0.014583333333333334 0.0741106719367589
3 0.4239583333333333 0.35177865612648224 0.024479166666666666 0.06521739130434782
3 0.43020833333333336 0.37351778656126483 0.03125 0.06126482213438735
3 0.5994791666666667 0.3221343873517787 0.016145833333333335 0.07213438735177866
3 0.271875 0.3922924901185771 0.016145833333333335 0.07015810276679842
3 0.28958333333333336 0.4031620553359684 0.019791666666666666 0.08498023715415019
3 0.16197916666666667 0.49209486166007904 0.021354166666666667 0.1007905138339921
3 0.4671875 0.45553359683794464 0.0265625 0.09288537549407115
3 0.45364583333333336 0.466403162055336 0.025 0.09881422924901186
3 0.2713541666666667 0.49308300395256915 0.0203125 0.08992094861660078
4 0.9057291666666667 0.22628458498023715 0.010416666666666666 0.05138339920948617
4 0.9765625 0.2737154150197628 0.009895833333333333 0.06027667984189723
4 0.9640625 0.26976284584980237 0.014583333333333334 0.06620553359683795
4 0.8979166666666667 0.22727272727272727 0.011458333333333333 0.0533596837944664
4 0.9807291666666667 0.2776679841897233 0.011979166666666667 0.058300395256917
2 0.43385416666666665 0.3339920948616601 0.00625 0.009881422924901186