3 0.5411458333333333 0.3557312252964427 0.030208333333333334 0.06719367588932806
3 0.4703125 0.4634387351778656 0.03697916666666667 0.08102766798418973
3 0.6020833333333333 0.49604743083003955 0.03958333333333333 0.11067193675889328
3 0.40260416666666665 0.4614624505928854 0.040625 0.07114624505928854
3 0.1171875 0.49308300395256915 0.018229166666666668 0.1007905138339921
3 0.3875 0.33300395256917 0.01875 0.058300395256917
3 0.4171875 0.3725296442687747 0.01875 0.0691699604743083
3 0.5833333333333334 0.32707509881422925 0.016145833333333335 0.07213438735177866
3 0.36875 0.3606719367588933 0.0203125 0.06126482213438735
3 0.3609375 0.2974308300395257 0.011979166666666667 0.05434782608695652
3 0.2140625 0.4061264822134387 0.017708333333333333 0.07312252964426877
3 0.22864583333333333 0.4150197628458498 0.022916666666666665 0.08300395256916997
3 0.6796875 0.6284584980237155 0.06197916666666667 0.1373517786561265
3 0.21875 0.49110671936758893 0.026041666666666668 0.08893280632411067
4 0.86875 0.22332015810276679 0.009895833333333333 0.05039525691699605
4 0.9260416666666667 0.2658102766798419 0.013541666666666667 0.06521739130434782
4 0.9375 0.26877470355731226 0.009895833333333333 0.058300395256917
4 0.8614583333333333 0.22134387351778656 0.008854166666666666 0.04940711462450593
4 0.9411458333333333 0.2737154150197628 0.0109375 0.05731225296442688
2 0.5895833333333333 0.32608695652173914 0.005729166666666666 0.010869565217391304