3 0.7041666666666667 0.8181818181818182 0.03697916666666667 0.1274703557312253
3 0.7927083333333333 0.8280632411067194 0.0328125 0.11857707509881422
3 0.20260416666666667 0.5207509881422925 0.025 0.08102766798418973
3 0.6739583333333333 0.599802371541502 0.022916666666666665 0.10474308300395258
3 0.2171875 0.8725296442687747 0.03958333333333333 0.13142292490118576
3 0.5875 0.3774703557312253 0.011979166666666667 0.0691699604743083
3 0.7557291666666667 0.825098814229249 0.036458333333333336 0.1551383399209486
3 0.3380208333333333 0.3438735177865613 0.013541666666666667 0.05434782608695652
3 0.2828125 0.5484189723320159 0.021875 0.07905138339920949
3 0.296875 0.6047430830039525 0.0328125 0.11166007905138339
3 0.9151041666666667 0.6413043478260869 0.0328125 0.11363636363636363
3 0.284375 0.5098814229249012 0.018229166666666668 0.0741106719367589
3 0.215625 0.4871541501976285 0.025520833333333333 0.06422924901185771
2 0.3098958333333333 0.3685770750988142 0.00625 0.007905138339920948