3 0.2989583333333333 0.4051383399209486 0.016666666666666666 0.05731225296442688
3 0.165625 0.5513833992094862 0.025520833333333333 0.08399209486166008
3 0.5739583333333333 0.358695652173913 0.016145833333333335 0.05237154150197629
3 0.41302083333333334 0.3616600790513834 0.013541666666666667 0.0533596837944664
3 0.5416666666666666 0.35177865612648224 0.016145833333333335 0.06324110671936758
3 0.13802083333333334 0.4990118577075099 0.0203125 0.08399209486166008
3 0.5692708333333333 0.44861660079051385 0.024479166666666666 0.06225296442687747
3 0.042708333333333334 0.5385375494071146 0.024479166666666666 0.09090909090909091
3 0.3614583333333333 0.34980237154150196 0.015625 0.05731225296442688
3 0.1484375 0.40711462450592883 0.016145833333333335 0.06324110671936758
3 0.37864583333333335 0.34189723320158105 0.015104166666666667 0.05434782608695652
3 0.07708333333333334 0.5059288537549407 0.021354166666666667 0.07806324110671936
3 0.42291666666666666 0.366600790513834 0.020833333333333332 0.05731225296442688
3 0.5776041666666667 0.45652173913043476 0.030729166666666665 0.06324110671936758