3 0.21979166666666666 0.4397233201581028 0.019270833333333334 0.11857707509881422
3 0.6286458333333333 0.5345849802371542 0.03125 0.12549407114624506
3 0.10260416666666666 0.4614624505928854 0.019791666666666666 0.13438735177865613
3 0.7322916666666667 0.49209486166007904 0.0390625 0.1373517786561265
3 0.8067708333333333 0.5069169960474308 0.028125 0.116600790513834
3 0.4947916666666667 0.5721343873517787 0.0296875 0.1373517786561265
3 0.3223958333333333 0.6758893280632411 0.04791666666666667 0.1976284584980237
3 0.39166666666666666 0.15711462450592886 0.0078125 0.03458498023715415
4 0.034375 0.2490118577075099 0.0171875 0.0691699604743083
3 0.3734375 0.15612648221343872 0.009375 0.03162055335968379
2 0.29791666666666666 0.5780632411067194 0.016666666666666666 0.0266798418972332
3 0.478125 0.16106719367588934 0.008854166666666666 0.03359683794466403
3 0.45416666666666666 0.16106719367588934 0.0078125 0.03359683794466403
4 0.0953125 0.20553359683794467 0.009375 0.05632411067193676
3 0.41354166666666664 0.1600790513833992 0.007291666666666667 0.030632411067193676
4 0.022395833333333334 0.25296442687747034 0.013020833333333334 0.06620553359683795
4 0.10364583333333334 0.20454545454545456 0.0109375 0.05533596837944664
3 0.4401041666666667 0.1600790513833992 0.007291666666666667 0.03260869565217391
4 0.017708333333333333 0.25790513833992096 0.013020833333333334 0.06719367588932806
3 0.4276041666666667 0.1600790513833992 0.007291666666666667 0.030632411067193676