3 0.7364583333333333 0.7015810276679841 0.028125 0.12154150197628459
3 0.7333333333333333 0.34189723320158105 0.011458333333333333 0.05237154150197629
3 0.7458333333333333 0.47134387351778656 0.016145833333333335 0.07806324110671936
3 0.5885416666666666 0.35968379446640314 0.013020833333333334 0.05434782608695652
3 0.4484375 0.34288537549407117 0.0140625 0.05731225296442688
3 0.3411458333333333 0.43379446640316205 0.016666666666666666 0.0800395256916996
3 0.8947916666666667 0.541501976284585 0.021875 0.08794466403162056
3 0.8473958333333333 0.49308300395256915 0.018229166666666668 0.08102766798418973
3 0.43854166666666666 0.516798418972332 0.022395833333333334 0.08102766798418973
3 0.4901041666666667 0.33992094861660077 0.0125 0.06225296442687747
3 0.32447916666666665 0.4258893280632411 0.015104166666666667 0.07213438735177866
3 0.203125 0.4644268774703557 0.017708333333333333 0.09090909090909091
3 0.45260416666666664 0.5444664031620553 0.03697916666666667 0.08893280632411067
3 0.21197916666666666 0.4683794466403162 0.035416666666666666 0.09189723320158102
4 0.08489583333333334 0.3092885375494071 0.011458333333333333 0.06027667984189723
4 0.0953125 0.30632411067193677 0.011458333333333333 0.05928853754940711
2 0.196875 0.45849802371541504 0.00625 0.01383399209486166