3 0.14947916666666666 0.4525691699604743 0.0328125 0.07114624505928854
3 0.6609375 0.5019762845849802 0.017708333333333333 0.08201581027667984
3 0.10416666666666667 0.466403162055336 0.025 0.07806324110671936
3 0.671875 0.41304347826086957 0.015625 0.07312252964426877
3 0.8125 0.4673913043478261 0.016145833333333335 0.07608695652173914
3 0.5859375 0.325098814229249 0.013541666666666667 0.04841897233201581
3 0.3734375 0.3310276679841897 0.017708333333333333 0.05237154150197629
3 0.3645833333333333 0.34782608695652173 0.021354166666666667 0.05434782608695652
3 0.7729166666666667 0.4140316205533597 0.015625 0.06225296442687747
3 0.38177083333333334 0.4268774703557312 0.014583333333333334 0.07312252964426877
3 0.3890625 0.44664031620553357 0.029166666666666667 0.08102766798418973
3 0.2859375 0.34881422924901184 0.011979166666666667 0.06719367588932806
3 0.29010416666666666 0.3547430830039526 0.036458333333333336 0.06719367588932806
3 0.6927083333333334 0.3073122529644269 0.010416666666666666 0.043478260869565216
4 0.10677083333333333 0.3092885375494071 0.011979166666666667 0.06225296442687747
4 0.09375 0.3132411067193676 0.009895833333333333 0.05731225296442688
4 0.16770833333333332 0.25691699604743085 0.009375 0.04841897233201581
4 0.1609375 0.25790513833992096 0.008854166666666666 0.04940711462450593
4 0.08854166666666667 0.3191699604743083 0.009375 0.05533596837944664