3 0.9151041666666667 0.5602766798418972 0.023958333333333335 0.09881422924901186
3 0.46822916666666664 0.5069169960474308 0.0234375 0.09288537549407115
3 0.2869791666666667 0.3824110671936759 0.023958333333333335 0.058300395256917
3 0.5119791666666667 0.5335968379446641 0.01875 0.09486166007905138
3 0.784375 0.42391304347826086 0.015104166666666667 0.06521739130434782
3 0.9885416666666667 0.5573122529644269 0.022916666666666665 0.09090909090909091
3 0.31354166666666666 0.4258893280632411 0.020833333333333332 0.06620553359683795
3 0.32135416666666666 0.45454545454545453 0.021354166666666667 0.07806324110671936
3 0.5708333333333333 0.38537549407114624 0.01875 0.06620553359683795
3 0.5291666666666667 0.3606719367588933 0.018229166666666668 0.06027667984189723
3 0.9510416666666667 0.7490118577075099 0.0296875 0.10276679841897234
3 0.9 0.41007905138339923 0.016666666666666666 0.05928853754940711
3 0.28020833333333334 0.39920948616600793 0.03177083333333333 0.06324110671936758
2 0.271875 0.3774703557312253 0.007291666666666667 0.007905138339920948