3 0.565625 0.44861660079051385 0.04010416666666667 0.08992094861660078
3 0.6729166666666667 0.541501976284585 0.04895833333333333 0.1324110671936759
3 0.5046875 0.44664031620553357 0.025 0.08695652173913043
3 0.8072916666666666 0.5879446640316206 0.044270833333333336 0.1432806324110672
3 0.54375 0.33992094861660077 0.018229166666666668 0.05533596837944664
3 0.2875 0.3893280632411067 0.019270833333333334 0.07015810276679842
3 0.06354166666666666 0.5108695652173914 0.022395833333333334 0.09881422924901186
3 0.5989583333333334 0.34980237154150196 0.021354166666666667 0.06818181818181818
3 0.15416666666666667 0.4278656126482213 0.017708333333333333 0.08300395256916997
3 0.16354166666666667 0.441699604743083 0.019791666666666666 0.09090909090909091
3 0.365625 0.3310276679841897 0.017708333333333333 0.06126482213438735
3 0.31354166666666666 0.30434782608695654 0.013541666666666667 0.05434782608695652
3 0.3729166666666667 0.3893280632411067 0.022395833333333334 0.06818181818181818
3 0.17083333333333334 0.5148221343873518 0.025520833333333333 0.09782608695652174
2 0.6875 0.38636363636363635 0.008854166666666666 0.009881422924901186
4 0.8828125 0.2648221343873518 0.009375 0.05731225296442688
4 0.8723958333333334 0.2608695652173913 0.013541666666666667 0.06126482213438735
4 0.8166666666666667 0.22035573122529645 0.0109375 0.05138339920948617
4 0.8078125 0.2183794466403162 0.010416666666666666 0.04841897233201581
4 0.8864583333333333 0.26877470355731226 0.0109375 0.05632411067193676