3 0.1578125 0.5503952569169961 0.023958333333333335 0.08399209486166008
3 0.2942708333333333 0.40810276679841895 0.015625 0.06225296442687747
3 0.5729166666666666 0.34782608695652173 0.0140625 0.06422924901185771
3 0.39010416666666664 0.3339920948616601 0.017708333333333333 0.05533596837944664
3 0.04010416666666667 0.5444664031620553 0.0203125 0.08695652173913043
3 0.12239583333333333 0.5059288537549407 0.01875 0.08893280632411067
3 0.415625 0.36561264822134387 0.015104166666666667 0.05731225296442688
3 0.534375 0.3438735177865613 0.0125 0.058300395256917
3 0.1328125 0.4150197628458498 0.014583333333333334 0.06521739130434782
3 0.5989583333333334 0.44664031620553357 0.028645833333333332 0.058300395256917
3 0.365625 0.33992094861660077 0.0140625 0.05138339920948617
3 0.4359375 0.3675889328063241 0.024479166666666666 0.06027667984189723
3 0.6161458333333333 0.4525691699604743 0.025520833333333333 0.06521739130434782
3 0.0703125 0.5108695652173914 0.023958333333333335 0.08399209486166008
2 0.41822916666666665 0.3606719367588933 0.00625 0.008893280632411068