3 0.3932291666666667 0.2875494071146245 0.013541666666666667 0.04841897233201581
3 0.16197916666666667 0.49703557312252966 0.025 0.1007905138339921
3 0.3953125 0.3339920948616601 0.015625 0.05928853754940711
3 0.7895833333333333 0.43774703557312256 0.0265625 0.09387351778656126
3 0.7265625 0.37648221343873517 0.021354166666666667 0.08102766798418973
3 0.28229166666666666 0.4189723320158103 0.016145833333333335 0.08399209486166008
3 0.2630208333333333 0.39920948616600793 0.015104166666666667 0.07312252964426877
3 0.4171875 0.3547430830039526 0.029166666666666667 0.06521739130434782
3 0.5213541666666667 0.33794466403162055 0.015625 0.07114624505928854
3 0.4635416666666667 0.3715415019762846 0.027083333333333334 0.0691699604743083
3 0.509375 0.46047430830039526 0.020833333333333332 0.09288537549407115
3 0.6005208333333333 0.31719367588932806 0.015625 0.07213438735177866
3 0.49322916666666666 0.4733201581027668 0.022395833333333334 0.09387351778656126
3 0.275 0.5029644268774703 0.027083333333333334 0.09288537549407115
4 0.9734375 0.2727272727272727 0.009895833333333333 0.05928853754940711
4 0.8958333333333334 0.22430830039525693 0.0109375 0.04940711462450593
4 0.9625 0.26976284584980237 0.013541666666666667 0.06620553359683795
4 0.903125 0.22529644268774704 0.009895833333333333 0.05138339920948617
4 0.978125 0.2776679841897233 0.011979166666666667 0.058300395256917
2 0.4 0.3448616600790514 0.0067708333333333336 0.009881422924901186