3 0.4979166666666667 0.45454545454545453 0.022395833333333334 0.06620553359683795
3 0.21770833333333334 0.4950592885375494 0.021354166666666667 0.08201581027667984
3 0.7135416666666666 0.4189723320158103 0.019791666666666666 0.07608695652173914
3 0.04635416666666667 0.5780632411067194 0.025520833333333333 0.09288537549407115
3 0.5411458333333333 0.4407114624505929 0.020833333333333332 0.05039525691699605
3 0.22604166666666667 0.6561264822134387 0.023958333333333335 0.09486166007905138
3 0.5421875 0.35276679841897235 0.015104166666666667 0.06027667984189723
3 0.8171875 0.4525691699604743 0.022395833333333334 0.08399209486166008
3 0.40208333333333335 0.37549407114624506 0.013020833333333334 0.05731225296442688
3 0.509375 0.3290513833992095 0.0125 0.05731225296442688
3 0.6640625 0.3952569169960474 0.015104166666666667 0.05533596837944664
3 0.24375 0.3567193675889328 0.0140625 0.0533596837944664
3 0.68125 0.39624505928853754 0.013541666666666667 0.06422924901185771
3 0.12604166666666666 0.5 0.021354166666666667 0.06818181818181818
4 0.95625 0.33201581027667987 0.013541666666666667 0.06521739130434782
4 0.9677083333333333 0.3359683794466403 0.011979166666666667 0.07015810276679842
2 0.8046875 0.4308300395256917 0.0078125 0.008893280632411068