3 0.4354166666666667 0.3231225296442688 0.015104166666666667 0.07608695652173914
3 0.22864583333333333 0.3774703557312253 0.016666666666666666 0.06620553359683795
3 0.196875 0.37648221343873517 0.0203125 0.06521739130434782
3 0.40572916666666664 0.3339920948616601 0.0234375 0.05928853754940711
3 0.28854166666666664 0.3339920948616601 0.013020833333333334 0.06818181818181818
3 0.85625 0.5286561264822134 0.020833333333333332 0.09189723320158102
3 0.2708333333333333 0.32707509881422925 0.017708333333333333 0.06521739130434782
3 0.6953125 0.43379446640316205 0.015625 0.08201581027667984
3 0.4875 0.3221343873517787 0.016666666666666666 0.04940711462450593
3 0.8067708333333333 0.4426877470355731 0.019270833333333334 0.07312252964426877
3 0.47291666666666665 0.3893280632411067 0.0171875 0.06719367588932806
3 0.6848958333333334 0.5009881422924901 0.019791666666666666 0.08695652173913043
3 0.703125 0.3181818181818182 0.0125 0.0533596837944664
3 0.43385416666666665 0.3824110671936759 0.013541666666666667 0.06126482213438735
4 0.09479166666666666 0.29545454545454547 0.008333333333333333 0.058300395256917
4 0.10625 0.2924901185770751 0.0125 0.06225296442687747
4 0.16875 0.2440711462450593 0.008854166666666666 0.05138339920948617
4 0.1609375 0.2450592885375494 0.009375 0.05039525691699605
4 0.09010416666666667 0.30039525691699603 0.0109375 0.05434782608695652
2 0.42864583333333334 0.2875494071146245 0.00625 0.008893280632411068