3 0.8734375 0.5424901185770751 0.0296875 0.09486166007905138
3 0.39947916666666666 0.4298418972332016 0.03177083333333333 0.07806324110671936
3 0.27239583333333334 0.44960474308300397 0.022916666666666665 0.07509881422924901
3 0.3067708333333333 0.3774703557312253 0.017708333333333333 0.04940711462450593
3 0.4348958333333333 0.3695652173913043 0.019270833333333334 0.06620553359683795
3 0.7354166666666667 0.41007905138339923 0.015625 0.06027667984189723
3 0.390625 0.3705533596837945 0.016666666666666666 0.06225296442687747
3 0.26666666666666666 0.3695652173913043 0.016666666666666666 0.05138339920948617
3 0.965625 0.5424901185770751 0.021354166666666667 0.08596837944664032
3 0.8671875 0.40019762845849804 0.014583333333333334 0.06126482213438735
3 0.8546875 0.7351778656126482 0.024479166666666666 0.11956521739130435
3 0.396875 0.5059288537549407 0.016666666666666666 0.07015810276679842
3 0.390625 0.5484189723320159 0.022395833333333334 0.09683794466403162
3 0.01875 0.46936758893280633 0.009895833333333333 0.025691699604743084