3 0.45416666666666666 0.5177865612648221 0.018229166666666668 0.09387351778656126
3 0.27708333333333335 0.48122529644268774 0.01875 0.08794466403162056
3 0.6005208333333333 0.4950592885375494 0.020833333333333332 0.1067193675889328
3 0.34270833333333334 0.5059288537549407 0.019791666666666666 0.0958498023715415
3 0.6510416666666666 0.5138339920948617 0.019791666666666666 0.08201581027667984
3 0.5239583333333333 0.4782608695652174 0.018229166666666668 0.07608695652173914
3 0.23854166666666668 0.4624505928853755 0.017708333333333333 0.09980237154150198
3 0.43854166666666666 0.22233201581027667 0.0078125 0.03260869565217391
4 0.065625 0.29051383399209485 0.0125 0.06027667984189723
3 0.47708333333333336 0.22035573122529645 0.009895833333333333 0.03260869565217391
4 0.07395833333333333 0.2885375494071146 0.011979166666666667 0.06126482213438735
3 0.5067708333333333 0.2183794466403162 0.009895833333333333 0.03557312252964427
3 0.390625 0.21146245059288538 0.008333333333333333 0.03557312252964427
3 0.415625 0.21442687747035574 0.0078125 0.030632411067193676
3 0.4557291666666667 0.21541501976284586 0.0078125 0.03162055335968379
3 0.4015625 0.22430830039525693 0.007291666666666667 0.03359683794466403