3 0.259375 0.6067193675889329 0.028645833333333332 0.0958498023715415
3 0.1953125 0.49308300395256915 0.019270833333333334 0.08596837944664032
3 0.7140625 0.40217391304347827 0.0234375 0.06422924901185771
3 0.6692708333333334 0.4189723320158103 0.016666666666666666 0.07608695652173914
3 0.5359375 0.358695652173913 0.013541666666666667 0.06225296442687747
3 0.028125 0.5662055335968379 0.022916666666666665 0.09288537549407115
3 0.1265625 0.49308300395256915 0.01875 0.07905138339920949
3 0.4765625 0.33794466403162055 0.0140625 0.05928853754940711
3 0.7822916666666667 0.40217391304347827 0.015104166666666667 0.06818181818181818
3 0.85 0.39920948616600793 0.0203125 0.06719367588932806
3 0.6828125 0.33300395256917 0.019791666666666666 0.04743083003952569
3 0.4 0.36561264822134387 0.009895833333333333 0.05434782608695652
3 0.6588541666666666 0.33794466403162055 0.015104166666666667 0.05237154150197629
3 0.225 0.3567193675889328 0.0109375 0.05237154150197629
4 0.9875 0.3547430830039526 0.015625 0.07114624505928854
2 0.69375 0.3616600790513834 0.0078125 0.004940711462450593
4 0.9963541666666667 0.3577075098814229 0.0067708333333333336 0.07509881422924901