3 0.2828125 0.36363636363636365 0.017708333333333333 0.06818181818181818
3 0.2791666666666667 0.3675889328063241 0.0296875 0.0691699604743083
3 0.6604166666666667 0.5128458498023716 0.016666666666666666 0.08300395256916997
3 0.8046875 0.4535573122529644 0.0171875 0.07312252964426877
3 0.6760416666666667 0.41304347826086957 0.015625 0.07015810276679842
3 0.40520833333333334 0.4189723320158103 0.016145833333333335 0.07213438735177866
3 0.37447916666666664 0.4090909090909091 0.015104166666666667 0.07114624505928854
3 0.584375 0.3211462450592885 0.011458333333333333 0.04940711462450593
3 0.43020833333333336 0.33893280632411066 0.015625 0.05632411067193676
3 0.7817708333333333 0.41205533596837945 0.014583333333333334 0.06422924901185771
3 0.6953125 0.30434782608695654 0.010416666666666666 0.045454545454545456
3 0.45677083333333335 0.33893280632411066 0.013541666666666667 0.06324110671936758
3 0.14427083333333332 0.4891304347826087 0.0234375 0.08300395256916997
3 0.13854166666666667 0.5029644268774703 0.024479166666666666 0.09683794466403162
4 0.0796875 0.32608695652173914 0.0109375 0.058300395256917
4 0.09270833333333334 0.3201581027667984 0.011458333333333333 0.06027667984189723
4 0.15833333333333333 0.2648221343873518 0.010416666666666666 0.04940711462450593
4 0.15 0.2658102766798419 0.008333333333333333 0.05039525691699605
4 0.07291666666666667 0.3300395256916996 0.011458333333333333 0.05434782608695652