3 0.6520833333333333 0.5434782608695652 0.022395833333333334 0.10573122529644269
3 0.32760416666666664 0.5563241106719368 0.030208333333333334 0.09782608695652174
3 0.55625 0.5592885375494071 0.025 0.08992094861660078
3 0.26145833333333335 0.532608695652174 0.019791666666666666 0.09782608695652174
3 0.7046875 0.5563241106719368 0.01875 0.08992094861660078
3 0.48125 0.5612648221343873 0.021354166666666667 0.09683794466403162
3 0.2046875 0.4980237154150198 0.01875 0.0958498023715415
3 0.4890625 0.20454545454545456 0.007291666666666667 0.03359683794466403
4 0.10104166666666667 0.2717391304347826 0.0109375 0.05632411067193676
3 0.3921875 0.19960474308300397 0.008333333333333333 0.03260869565217391
4 0.042708333333333334 0.33695652173913043 0.015625 0.07213438735177866
3 0.4552083333333333 0.20355731225296442 0.007291666666666667 0.03162055335968379
4 0.10833333333333334 0.26976284584980237 0.011979166666666667 0.0533596837944664
3 0.428125 0.2015810276679842 0.008333333333333333 0.030632411067193676
4 0.030729166666666665 0.3409090909090909 0.011458333333333333 0.06620553359683795
3 0.44114583333333335 0.2025691699604743 0.008333333333333333 0.02865612648221344
3 0.3796875 0.19861660079051383 0.007291666666666667 0.02865612648221344
2 0.4239583333333333 0.19268774703557312 0.007291666666666667 0.007905138339920948
3 0.4125 0.20355731225296442 0.0078125 0.02865612648221344
4 0.025 0.34782608695652173 0.013541666666666667 0.06422924901185771