3 0.715625 0.34782608695652173 0.011458333333333333 0.06521739130434782
3 0.3390625 0.4980237154150198 0.019791666666666666 0.0800395256916996
3 0.18958333333333333 0.4624505928853755 0.018229166666666668 0.07608695652173914
3 0.88125 0.466403162055336 0.0453125 0.07015810276679842
3 0.9109375 0.4743083003952569 0.026041666666666668 0.07707509881422925
3 0.41458333333333336 0.3241106719367589 0.0109375 0.05138339920948617
3 0.6057291666666667 0.43774703557312256 0.025520833333333333 0.07806324110671936
3 0.3296875 0.41205533596837945 0.013020833333333334 0.07015810276679842
3 0.22760416666666666 0.4140316205533597 0.015625 0.06126482213438735
3 0.6177083333333333 0.4199604743083004 0.013541666666666667 0.06719367588932806
4 0.8932291666666666 0.308300395256917 0.011979166666666667 0.06027667984189723
3 0.6130208333333333 0.3349802371541502 0.017708333333333333 0.05632411067193676
4 0.90625 0.3142292490118577 0.0109375 0.058300395256917
3 0.3072916666666667 0.30533596837944665 0.009895833333333333 0.043478260869565216
4 0.8328125 0.25592885375494073 0.008854166666666666 0.04940711462450593
4 0.8401041666666667 0.25790513833992096 0.0078125 0.05039525691699605
4 0.9114583333333334 0.3201581027667984 0.010416666666666666 0.05533596837944664
3 0.7177083333333333 0.3547430830039526 0.03125 0.06818181818181818
3 0.6208333333333333 0.35177865612648224 0.0296875 0.05237154150197629