3 0.546875 0.3201581027667984 0.017708333333333333 0.06324110671936758
3 0.5692708333333333 0.325098814229249 0.015104166666666667 0.06422924901185771
3 0.2947916666666667 0.4258893280632411 0.01875 0.07806324110671936
3 0.14166666666666666 0.5286561264822134 0.023958333333333335 0.09782608695652174
3 0.30416666666666664 0.4980237154150198 0.0265625 0.08695652173913043
3 0.7052083333333333 0.32707509881422925 0.0171875 0.07015810276679842
3 0.5463541666666667 0.391304347826087 0.022395833333333334 0.07608695652173914
3 0.7395833333333334 0.3221343873517787 0.0171875 0.06719367588932806
3 0.5046875 0.3142292490118577 0.016666666666666666 0.05237154150197629
3 0.18125 0.4367588932806324 0.0171875 0.0741106719367589
3 0.7703125 0.36561264822134387 0.01875 0.06818181818181818
3 0.5765625 0.3804347826086957 0.01875 0.058300395256917
3 0.7854166666666667 0.3685770750988142 0.015104166666666667 0.06620553359683795
3 0.29375 0.3102766798418972 0.013020833333333334 0.05237154150197629
4 0.9057291666666667 0.2845849802371542 0.008333333333333333 0.05533596837944664
4 0.8942708333333333 0.2826086956521739 0.013020833333333334 0.05928853754940711
4 0.8385416666666666 0.23715415019762845 0.008854166666666666 0.05138339920948617
4 0.8302083333333333 0.23517786561264822 0.009895833333333333 0.04841897233201581
4 0.9098958333333333 0.2885375494071146 0.010416666666666666 0.0533596837944664
2 0.5453125 0.31620553359683795 0.00625 0.009881422924901186