3 0.7109375 0.5335968379446641 0.049479166666666664 0.12648221343873517
3 0.8208333333333333 0.5316205533596838 0.035416666666666666 0.12055335968379446
3 0.5255208333333333 0.4357707509881423 0.028645833333333332 0.09486166007905138
3 0.5817708333333333 0.34881422924901184 0.0203125 0.07114624505928854
3 0.4973958333333333 0.3339920948616601 0.01875 0.06719367588932806
3 0.24010416666666667 0.4041501976284585 0.017708333333333333 0.07608695652173914
3 0.5848958333333333 0.44367588932806323 0.021875 0.09189723320158102
3 0.1 0.45652173913043476 0.019791666666666666 0.09288537549407115
3 0.30364583333333334 0.4051383399209486 0.016145833333333335 0.07015810276679842
3 0.321875 0.3339920948616601 0.013020833333333334 0.06126482213438735
3 0.26145833333333335 0.3102766798418972 0.0125 0.05434782608695652
3 0.090625 0.4397233201581028 0.021354166666666667 0.08300395256916997
4 0.8130208333333333 0.25691699604743085 0.010416666666666666 0.06126482213438735
4 0.8244791666666667 0.2598814229249012 0.0078125 0.05632411067193676
3 0.005729166666666666 0.5306324110671937 0.011458333333333333 0.09486166007905138
2 0.7630208333333334 0.4575098814229249 0.0109375 0.011857707509881422
4 0.7614583333333333 0.21739130434782608 0.008333333333333333 0.04940711462450593
4 0.7536458333333333 0.21640316205533597 0.009375 0.04743083003952569
4 0.828125 0.26383399209486164 0.009375 0.05138339920948617
0 0.978125 0.4397233201581028 0.00625 0.008893280632411068
3 0.11302083333333333 0.5286561264822134 0.025520833333333333 0.1007905138339921