3 0.16510416666666666 0.5464426877470355 0.025 0.08695652173913043
3 0.29739583333333336 0.4031620553359684 0.015625 0.06027667984189723
3 0.04479166666666667 0.5405138339920948 0.023958333333333335 0.09090909090909091
3 0.13125 0.4990118577075099 0.021875 0.08498023715415019
3 0.575 0.35276679841897235 0.016666666666666666 0.058300395256917
3 0.5848958333333333 0.44664031620553357 0.021875 0.06225296442687747
3 0.5369791666666667 0.3458498023715415 0.0125 0.05928853754940711
3 0.41354166666666664 0.36462450592885376 0.0140625 0.058300395256917
3 0.14114583333333333 0.41007905138339923 0.013020833333333334 0.06422924901185771
3 0.38125 0.33695652173913043 0.013020833333333334 0.05039525691699605
3 0.07552083333333333 0.5079051383399209 0.022395833333333334 0.08102766798418973
3 0.42864583333333334 0.366600790513834 0.019791666666666666 0.05533596837944664
3 0.3645833333333333 0.34288537549407117 0.0109375 0.05533596837944664
3 0.603125 0.4525691699604743 0.033854166666666664 0.06225296442687747