3 0.1984375 0.49110671936758893 0.024479166666666666 0.08399209486166008
3 0.25885416666666666 0.5968379446640316 0.021354166666666667 0.09189723320158102
3 0.8541666666666666 0.40711462450592883 0.022395833333333334 0.07312252964426877
3 0.13072916666666667 0.4891304347826087 0.0203125 0.0741106719367589
3 0.5302083333333333 0.35177865612648224 0.0140625 0.06027667984189723
3 0.40520833333333334 0.36264822134387353 0.0125 0.05533596837944664
3 0.66875 0.40810276679841895 0.017708333333333333 0.07015810276679842
3 0.6614583333333334 0.33695652173913043 0.016145833333333335 0.0533596837944664
3 0.4796875 0.33201581027667987 0.013541666666666667 0.06027667984189723
3 0.7833333333333333 0.4041501976284585 0.014583333333333334 0.07114624505928854
3 0.6927083333333334 0.33201581027667987 0.013020833333333334 0.05138339920948617
3 0.6979166666666666 0.3883399209486166 0.0125 0.06620553359683795
3 0.035416666666666666 0.5642292490118577 0.029166666666666667 0.09387351778656126
3 0.22916666666666666 0.35375494071146246 0.009895833333333333 0.05138339920948617
4 0.99375 0.35276679841897235 0.011458333333333333 0.07312252964426877
4 0.9838541666666667 0.35079051383399207 0.013541666666666667 0.07213438735177866