3 0.5265625 0.39920948616600793 0.0265625 0.07312252964426877
3 0.6473958333333333 0.35968379446640314 0.013541666666666667 0.06225296442687747
3 0.6385416666666667 0.36363636363636365 0.019270833333333334 0.06422924901185771
3 0.7036458333333333 0.5118577075098815 0.05 0.08201581027667984
3 0.16302083333333334 0.5247035573122529 0.026041666666666668 0.09090909090909091
3 0.3234375 0.39624505928853754 0.01875 0.05632411067193676
3 0.6546875 0.41798418972332013 0.027083333333333334 0.07015810276679842
3 0.2203125 0.6818181818181818 0.0203125 0.11067193675889328
3 0.6078125 0.48320158102766797 0.01875 0.07509881422924901
3 0.7994791666666666 0.37549407114624506 0.016145833333333335 0.06324110671936758
3 0.734375 0.3824110671936759 0.013020833333333334 0.06225296442687747
3 0.07708333333333334 0.5187747035573123 0.021354166666666667 0.07905138339920949
3 0.17239583333333333 0.3883399209486166 0.014583333333333334 0.05632411067193676
3 0.9755208333333333 0.44466403162055335 0.010416666666666666 0.024703557312252964
2 0.6515625 0.3557312252964427 0.005729166666666666 0.009881422924901186