3 0.6375 0.7282608695652174 0.0390625 0.1373517786561265
3 0.55 0.741106719367589 0.03333333333333333 0.11561264822134387
3 0.42239583333333336 0.41106719367588934 0.0265625 0.07213438735177866
3 0.16875 0.5810276679841897 0.025520833333333333 0.09288537549407115
3 0.37395833333333334 0.4041501976284585 0.019791666666666666 0.0691699604743083
3 0.6182291666666667 0.5503952569169961 0.028125 0.08498023715415019
3 0.5817708333333333 0.5780632411067194 0.022916666666666665 0.09090909090909091
3 0.5145833333333333 0.383399209486166 0.015104166666666667 0.05138339920948617
3 0.5046875 0.38735177865612647 0.019791666666666666 0.05928853754940711
2 0.5223958333333333 0.38537549407114624 0.00625 0.00691699604743083
0 0.8317708333333333 0.3468379446640316 0.004166666666666667 0.004940711462450593