3 0.8927083333333333 0.6047430830039525 0.025 0.0958498023715415
3 0.9239583333333333 0.5395256916996047 0.023958333333333335 0.09090909090909091
3 0.3333333333333333 0.4772727272727273 0.027083333333333334 0.06027667984189723
3 0.4703125 0.3458498023715415 0.014583333333333334 0.05039525691699605
3 0.5958333333333333 0.33992094861660077 0.016145833333333335 0.05039525691699605
3 0.7276041666666667 0.43774703557312256 0.016666666666666666 0.06719367588932806
3 0.6333333333333333 0.33893280632411066 0.015625 0.045454545454545456
3 0.38177083333333334 0.4782608695652174 0.0171875 0.06324110671936758
3 0.565625 0.3893280632411067 0.013020833333333334 0.05237154150197629
3 0.5369791666666667 0.3893280632411067 0.011458333333333333 0.06225296442687747
3 0.434375 0.34881422924901184 0.0140625 0.06027667984189723
3 0.9161458333333333 0.44861660079051385 0.0171875 0.06521739130434782
3 0.9791666666666666 0.5484189723320159 0.022916666666666665 0.08498023715415019
2 0.5713541666666667 0.391304347826087 0.00625 0.008893280632411068