3 0.490625 0.43873517786561267 0.015625 0.08102766798418973
3 0.590625 0.47134387351778656 0.025520833333333333 0.07707509881422925
3 0.484375 0.49308300395256915 0.0171875 0.08794466403162056
3 0.2947916666666667 0.8369565217391305 0.03333333333333333 0.15019762845849802
3 0.1640625 0.9189723320158103 0.05416666666666667 0.1590909090909091
3 0.5635416666666667 0.4792490118577075 0.027083333333333334 0.08399209486166008
3 0.9489583333333333 0.7292490118577075 0.024479166666666666 0.11561264822134387
2 0.4895833333333333 0.44466403162055335 0.009375 0.010869565217391304
0 0.8411458333333334 0.39920948616600793 0.005208333333333333 0.00691699604743083
0 0.12604166666666666 0.38438735177865613 0.005208333333333333 0.007905138339920948
0 0.22135416666666666 0.2865612648221344 0.004166666666666667 0.005928853754940711