3 0.115625 0.4525691699604743 0.022395833333333334 0.13142292490118576
3 0.6260416666666667 0.5266798418972332 0.0265625 0.12845849802371542
3 0.21979166666666666 0.4397233201581028 0.019270833333333334 0.12154150197628459
3 0.7203125 0.4782608695652174 0.028125 0.13339920948616601
3 0.7885416666666667 0.49209486166007904 0.027604166666666666 0.11166007905138339
3 0.4947916666666667 0.558300395256917 0.028645833333333332 0.1383399209486166
3 0.39114583333333336 0.15612648221343872 0.008333333333333333 0.03458498023715415
3 0.48125 0.16205533596837945 0.0078125 0.03162055335968379
3 0.41302083333333334 0.1600790513833992 0.007291666666666667 0.030632411067193676
3 0.45364583333333336 0.16106719367588934 0.008333333333333333 0.03162055335968379
3 0.37395833333333334 0.15711462450592886 0.008854166666666666 0.03162055335968379
4 0.034895833333333334 0.2490118577075099 0.0171875 0.07114624505928854
4 0.09583333333333334 0.20553359683794467 0.0109375 0.05731225296442688
4 0.022395833333333334 0.2519762845849802 0.015104166666666667 0.06719367588932806
3 0.4401041666666667 0.1600790513833992 0.0078125 0.03260869565217391
4 0.103125 0.20355731225296442 0.011979166666666667 0.05731225296442688
2 0.29375 0.5444664031620553 0.011458333333333333 0.0266798418972332
3 0.31302083333333336 0.6037549407114624 0.03802083333333333 0.17193675889328064
4 0.0171875 0.25691699604743085 0.0125 0.06620553359683795
3 0.4276041666666667 0.16106719367588934 0.007291666666666667 0.030632411067193676