3 0.8776041666666666 0.4525691699604743 0.030208333333333334 0.12944664031620554
3 0.378125 0.5197628458498024 0.0265625 0.12450592885375494
3 0.284375 0.47035573122529645 0.0265625 0.13043478260869565
3 0.7802083333333333 0.43873517786561267 0.019270833333333334 0.1225296442687747
3 0.215625 0.4841897233201581 0.024479166666666666 0.10968379446640317
3 0.5052083333333334 0.5424901185770751 0.035416666666666666 0.12845849802371542
3 0.6854166666666667 0.5691699604743083 0.05364583333333333 0.14525691699604742
3 0.6088541666666667 0.15711462450592886 0.0078125 0.036561264822134384
3 0.5182291666666666 0.16205533596837945 0.007291666666666667 0.03260869565217391
3 0.5875 0.1600790513833992 0.007291666666666667 0.030632411067193676
3 0.6260416666666667 0.15711462450592886 0.008854166666666666 0.03260869565217391
4 0.965625 0.24703557312252963 0.016145833333333335 0.0691699604743083
3 0.5604166666666667 0.1600790513833992 0.007291666666666667 0.03260869565217391
4 0.9041666666666667 0.20454545454545456 0.0109375 0.05632411067193676
3 0.5463541666666667 0.16106719367588934 0.0078125 0.03260869565217391
4 0.9776041666666667 0.2519762845849802 0.014583333333333334 0.06719367588932806
3 0.5723958333333333 0.1600790513833992 0.0067708333333333336 0.030632411067193676
4 0.896875 0.20355731225296442 0.013020833333333334 0.05533596837944664
2 0.7041666666666667 0.5237154150197628 0.013541666666666667 0.017786561264822136
4 0.9828125 0.25691699604743085 0.013020833333333334 0.06719367588932806