3 0.14427083333333332 0.5731225296442688 0.027083333333333334 0.09980237154150198
3 0.21458333333333332 0.866600790513834 0.0421875 0.16403162055335968
3 0.6989583333333333 0.642292490118577 0.0296875 0.1225296442687747
3 0.690625 0.5523715415019763 0.0234375 0.08893280632411067
3 0.34375 0.5444664031620553 0.019791666666666666 0.10474308300395258
3 0.290625 0.8033596837944664 0.033854166666666664 0.13537549407114624
3 0.4015625 0.36264822134387353 0.013020833333333334 0.06818181818181818
3 0.6333333333333333 0.33794466403162055 0.022916666666666665 0.04841897233201581
3 0.746875 0.4891304347826087 0.022395833333333334 0.07509881422924901
3 0.7322916666666667 0.45849802371541504 0.022916666666666665 0.06620553359683795
3 0.1609375 0.8231225296442688 0.036458333333333336 0.14723320158102768
3 0.7244791666666667 0.9090909090909091 0.03854166666666667 0.15118577075098813
3 0.6572916666666667 0.466403162055336 0.0265625 0.0741106719367589
2 0.6536458333333334 0.3241106719367589 0.00625 0.007905138339920948