3 0.35208333333333336 0.4762845849802372 0.033854166666666664 0.07806324110671936
3 0.3416666666666667 0.34881422924901184 0.015104166666666667 0.06225296442687747
3 0.41354166666666664 0.3952569169960474 0.022916666666666665 0.07114624505928854
3 0.8171875 0.5138339920948617 0.020833333333333332 0.08695652173913043
3 0.16666666666666666 0.3883399209486166 0.015104166666666667 0.0691699604743083
3 0.8953125 0.5059288537549407 0.0234375 0.07608695652173914
3 0.24427083333333333 0.45849802371541504 0.023958333333333335 0.07608695652173914
3 0.234375 0.3942687747035573 0.0171875 0.07015810276679842
3 0.3536458333333333 0.34881422924901184 0.021875 0.06126482213438735
3 0.7489583333333333 0.6304347826086957 0.026041666666666668 0.09881422924901186
3 0.628125 0.3784584980237154 0.010416666666666666 0.058300395256917
3 0.5208333333333334 0.3675889328063241 0.016145833333333335 0.0691699604743083
3 0.9901041666666667 0.5928853754940712 0.019791666666666666 0.1007905138339921
3 0.7963541666666667 0.37450592885375494 0.011979166666666667 0.05928853754940711
2 0.3380208333333333 0.3458498023715415 0.005208333333333333 0.011857707509881422