3 0.07395833333333333 0.5464426877470355 0.025520833333333333 0.09486166007905138
3 0.3875 0.3577075098814229 0.0171875 0.05632411067193676
3 0.7171875 0.38735177865612647 0.018229166666666668 0.06719367588932806
3 0.21666666666666667 0.4150197628458498 0.017708333333333333 0.06225296442687747
3 0.4625 0.4407114624505929 0.013020833333333334 0.06225296442687747
3 0.41354166666666664 0.4762845849802372 0.01875 0.07509881422924901
3 0.0921875 0.40217391304347827 0.015625 0.05928853754940711
3 0.375 0.3784584980237154 0.016145833333333335 0.06521739130434782
3 0.6088541666666667 0.40019762845849804 0.016145833333333335 0.06719367588932806
3 0.5979166666666667 0.3883399209486166 0.021354166666666667 0.058300395256917
3 0.7104166666666667 0.4150197628458498 0.03697916666666667 0.06225296442687747
3 0.036458333333333336 0.7144268774703557 0.03854166666666667 0.11067193675889328
3 0.005208333333333333 0.5523715415019763 0.010416666666666666 0.08102766798418973
2 0.7104166666666667 0.37351778656126483 0.005208333333333333 0.010869565217391304