3 0.7072916666666667 0.7816205533596838 0.03177083333333333 0.1432806324110672
3 0.34375 0.549407114624506 0.0265625 0.07608695652173914
3 0.6385416666666667 0.4851778656126482 0.018229166666666668 0.09090909090909091
3 0.7979166666666667 0.8705533596837944 0.0359375 0.18379446640316205
3 0.31666666666666665 0.6640316205533597 0.028125 0.1373517786561265
3 0.8583333333333333 0.8063241106719368 0.03125 0.1650197628458498
3 0.30572916666666666 0.44664031620553357 0.026041666666666668 0.07015810276679842
3 0.34739583333333335 0.9021739130434783 0.040625 0.1600790513833992
3 0.38645833333333335 0.42292490118577075 0.019270833333333334 0.05928853754940711
3 0.7958333333333333 0.5069169960474308 0.026041666666666668 0.08695652173913043
3 0.6067708333333334 0.3448616600790514 0.0125 0.06126482213438735
3 0.38333333333333336 0.32608695652173914 0.0140625 0.05237154150197629
3 0.3223958333333333 0.42391304347826086 0.017708333333333333 0.06422924901185771
3 0.38229166666666664 0.9772727272727273 0.028125 0.044466403162055336
2 0.38645833333333335 0.2490118577075099 0.00625 0.00691699604743083