3 0.371875 0.5335968379446641 0.030729166666666665 0.12450592885375494
3 0.25416666666666665 0.4990118577075099 0.034895833333333334 0.14031620553359683
3 0.8979166666666667 0.46047430830039526 0.019270833333333334 0.13636363636363635
3 0.7786458333333334 0.4407114624505929 0.01875 0.11956521739130435
3 0.184375 0.5187747035573123 0.028645833333333332 0.116600790513834
3 0.50625 0.5731225296442688 0.03125 0.13438735177865613
3 0.665625 0.6946640316205533 0.051041666666666666 0.2341897233201581
3 0.6088541666666667 0.15711462450592886 0.008854166666666666 0.036561264822134384
3 0.5234375 0.16205533596837945 0.008333333333333333 0.03260869565217391
3 0.5458333333333333 0.16106719367588934 0.008333333333333333 0.03260869565217391
3 0.6260416666666667 0.15810276679841898 0.008854166666666666 0.03260869565217391
3 0.5869791666666667 0.1600790513833992 0.0078125 0.030632411067193676
3 0.5598958333333334 0.1590909090909091 0.0078125 0.030632411067193676
4 0.965625 0.24802371541501977 0.017708333333333333 0.0691699604743083
4 0.9041666666666667 0.20652173913043478 0.009375 0.05731225296442688
3 0.571875 0.1590909090909091 0.0067708333333333336 0.029644268774703556
4 0.9765625 0.2519762845849802 0.0140625 0.06620553359683795
4 0.9822916666666667 0.25790513833992096 0.011979166666666667 0.06620553359683795
4 0.8958333333333334 0.20355731225296442 0.0109375 0.05632411067193676