3 0.278125 0.6758893280632411 0.019270833333333334 0.116600790513834
3 0.16614583333333333 0.4782608695652174 0.017708333333333333 0.0741106719367589
3 0.2609375 0.4683794466403162 0.017708333333333333 0.0800395256916996
3 0.5494791666666666 0.3409090909090909 0.011979166666666667 0.05039525691699605
3 0.7770833333333333 0.4426877470355731 0.028125 0.0800395256916996
3 0.40989583333333335 0.35276679841897235 0.013020833333333334 0.05533596837944664
3 0.5135416666666667 0.33893280632411066 0.0125 0.05632411067193676
3 0.6520833333333333 0.43280632411067194 0.015625 0.07114624505928854
3 0.12239583333333333 0.5247035573122529 0.021875 0.08695652173913043
3 0.784375 0.44762845849802374 0.035416666666666666 0.08794466403162056
3 0.6145833333333334 0.5197628458498024 0.03229166666666667 0.07015810276679842
3 0.6161458333333333 0.549407114624506 0.030729166666666665 0.09288537549407115
3 0.27395833333333336 0.3349802371541502 0.011458333333333333 0.05138339920948617
3 0.6666666666666666 0.4278656126482213 0.016666666666666666 0.07114624505928854
4 0.9 0.30039525691699603 0.0109375 0.05928853754940711
4 0.9885416666666667 0.3774703557312253 0.0171875 0.07312252964426877
4 0.890625 0.2984189723320158 0.011979166666666667 0.05928853754940711