3 0.3796875 0.4308300395256917 0.017708333333333333 0.09288537549407115
3 0.11354166666666667 0.45553359683794464 0.025520833333333333 0.11956521739130435
3 0.6895833333333333 0.33893280632411066 0.016145833333333335 0.06225296442687747
3 0.3 0.4160079051383399 0.026041666666666668 0.09387351778656126
3 0.17083333333333334 0.38636363636363635 0.019791666666666666 0.09782608695652174
3 0.46822916666666664 0.3784584980237154 0.017708333333333333 0.08399209486166008
3 0.49375 0.33300395256917 0.014583333333333334 0.07114624505928854
3 0.709375 0.4535573122529644 0.020833333333333332 0.0800395256916996
3 0.7630208333333334 0.32707509881422925 0.014583333333333334 0.05533596837944664
4 0.23541666666666666 0.25691699604743085 0.011458333333333333 0.05928853754940711
4 0.22604166666666667 0.25790513833992096 0.007291666666666667 0.05237154150197629
4 0.2869791666666667 0.21936758893280633 0.0078125 0.04743083003952569
3 0.9197916666666667 0.49308300395256915 0.019270833333333334 0.09881422924901186
4 0.2953125 0.21640316205533597 0.009895833333333333 0.04841897233201581
3 0.9947916666666666 0.5484189723320159 0.010416666666666666 0.05237154150197629
3 0.9447916666666667 0.475296442687747 0.019791666666666666 0.08695652173913043
3 0.8994791666666667 0.5286561264822134 0.028645833333333332 0.09782608695652174
0 0.07708333333333334 0.4308300395256917 0.0067708333333333336 0.00691699604743083
4 0.221875 0.2628458498023715 0.0078125 0.0533596837944664
3 0.7104166666666667 0.4950592885375494 0.022395833333333334 0.11067193675889328