3 0.5161458333333333 0.3310276679841897 0.014583333333333334 0.07015810276679842
3 0.018229166666666668 0.5217391304347826 0.0328125 0.10375494071146245
3 0.6932291666666667 0.4090909090909091 0.016666666666666666 0.08794466403162056
3 0.6276041666666666 0.4278656126482213 0.027083333333333334 0.09486166007905138
3 0.5260416666666666 0.3814229249011858 0.021354166666666667 0.08201581027667984
3 0.24739583333333334 0.32806324110671936 0.014583333333333334 0.05731225296442688
3 0.8145833333333333 0.3685770750988142 0.020833333333333332 0.09782608695652174
3 0.3177083333333333 0.33695652173913043 0.015625 0.06324110671936758
3 0.096875 0.49110671936758893 0.0203125 0.09486166007905138
3 0.8989583333333333 0.4407114624505929 0.027083333333333334 0.11561264822134387
3 0.30520833333333336 0.45652173913043476 0.017708333333333333 0.07905138339920949
3 0.06770833333333333 0.4792490118577075 0.022916666666666665 0.08992094861660078
3 0.32135416666666666 0.5 0.030729166666666665 0.10968379446640317
4 0.7739583333333333 0.25790513833992096 0.0067708333333333336 0.05434782608695652
4 0.7645833333333333 0.25592885375494073 0.011458333333333333 0.05928853754940711
4 0.7130208333333333 0.2183794466403162 0.008854166666666666 0.04743083003952569
4 0.7057291666666666 0.21739130434782608 0.008854166666666666 0.04743083003952569
4 0.7776041666666667 0.26383399209486164 0.008854166666666666 0.05434782608695652
0 0.9229166666666667 0.4298418972332016 0.0067708333333333336 0.007905138339920948
3 0.1109375 0.5197628458498024 0.028645833333333332 0.09486166007905138