3 0.08020833333333334 0.5286561264822134 0.0265625 0.08794466403162056
3 0.22135416666666666 0.40217391304347827 0.013020833333333334 0.06027667984189723
3 0.7145833333333333 0.40019762845849804 0.013541666666666667 0.06225296442687747
3 0.05625 0.6897233201581028 0.03697916666666667 0.11067193675889328
3 0.6765625 0.43774703557312256 0.027604166666666666 0.07015810276679842
3 0.38385416666666666 0.43280632411067194 0.0171875 0.06225296442687747
3 0.42916666666666664 0.4061264822134387 0.016145833333333335 0.06027667984189723
3 0.5572916666666666 0.36363636363636365 0.016145833333333335 0.05434782608695652
3 0.007291666666666667 0.5365612648221344 0.014583333333333334 0.08102766798418973
3 0.34739583333333335 0.3458498023715415 0.014583333333333334 0.039525691699604744
3 0.5786458333333333 0.366600790513834 0.013541666666666667 0.058300395256917
3 0.0984375 0.3952569169960474 0.015625 0.05731225296442688
2 0.71875 0.391304347826087 0.0067708333333333336 0.008893280632411068
3 0.3458333333333333 0.3725296442687747 0.013020833333333334 0.06126482213438735