3 0.2791666666666667 0.4881422924901186 0.021354166666666667 0.10177865612648221
3 0.4630208333333333 0.5138339920948617 0.019270833333333334 0.08102766798418973
3 0.5291666666666667 0.49209486166007904 0.017708333333333333 0.07905138339920949
3 0.6604166666666667 0.5177865612648221 0.019791666666666666 0.08794466403162056
3 0.23541666666666666 0.4575098814229249 0.017708333333333333 0.08695652173913043
3 0.6114583333333333 0.49703557312252966 0.0234375 0.09189723320158102
3 0.3416666666666667 0.5069169960474308 0.01875 0.08596837944664032
3 0.5005208333333333 0.2124505928853755 0.009375 0.036561264822134384
3 0.39166666666666666 0.2075098814229249 0.0078125 0.037549407114624504
3 0.44583333333333336 0.208498023715415 0.007291666666666667 0.030632411067193676
3 0.40260416666666665 0.208498023715415 0.008854166666666666 0.029644268774703556
4 0.0036458333333333334 0.358695652173913 0.0067708333333333336 0.07213438735177866
3 0.46822916666666664 0.2124505928853755 0.008333333333333333 0.03162055335968379
4 0.09166666666666666 0.28063241106719367 0.0125 0.05731225296442688
4 0.013541666666666667 0.35276679841897235 0.018229166666666668 0.07015810276679842
2 0.4765625 0.011857707509881422 0.00625 0.005928853754940711
4 0.08333333333333333 0.2826086956521739 0.009895833333333333 0.05731225296442688
3 0.4083333333333333 0.21640316205533597 0.0067708333333333336 0.030632411067193676
3 0.440625 0.21442687747035574 0.00625 0.03458498023715415