3 0.28229166666666666 0.42391304347826086 0.016145833333333335 0.06324110671936758
3 0.128125 0.5770750988142292 0.022916666666666665 0.09090909090909091
3 0.45208333333333334 0.37549407114624506 0.0171875 0.06324110671936758
3 0.36875 0.33695652173913043 0.015625 0.04743083003952569
3 0.6442708333333333 0.45553359683794464 0.0234375 0.06225296442687747
3 0.6197916666666666 0.4644268774703557 0.024479166666666666 0.058300395256917
3 0.5697916666666667 0.3458498023715415 0.016145833333333335 0.06225296442687747
3 0.5322916666666667 0.3458498023715415 0.016666666666666666 0.05434782608695652
3 0.09739583333333333 0.5177865612648221 0.020833333333333332 0.08794466403162056
3 0.015625 0.567193675889328 0.023958333333333335 0.09683794466403162
3 0.40208333333333335 0.3359683794466403 0.015104166666666667 0.05434782608695652
3 0.10520833333333333 0.43280632411067194 0.0140625 0.06521739130434782
3 0.04375 0.5316205533596838 0.020833333333333332 0.08102766798418973
3 0.4239583333333333 0.3794466403162055 0.013541666666666667 0.05138339920948617
2 0.421875 0.3784584980237154 0.005208333333333333 0.009881422924901186