3 0.1859375 0.5079051383399209 0.0328125 0.08695652173913043
3 0.6760416666666667 0.5484189723320159 0.018229166666666668 0.09090909090909091
3 0.5854166666666667 0.3300395256916996 0.0109375 0.05039525691699605
3 0.39479166666666665 0.42292490118577075 0.014583333333333334 0.0691699604743083
3 0.6927083333333334 0.43280632411067194 0.016145833333333335 0.0800395256916996
3 0.2677083333333333 0.383399209486166 0.0171875 0.07312252964426877
3 0.8197916666666667 0.47035573122529645 0.018229166666666668 0.0741106719367589
3 0.7942708333333334 0.4308300395256917 0.016666666666666666 0.06818181818181818
3 0.36614583333333334 0.41798418972332013 0.013541666666666667 0.0691699604743083
3 0.7010416666666667 0.31225296442687744 0.0109375 0.04743083003952569
3 0.4661458333333333 0.33992094861660077 0.0125 0.05928853754940711
3 0.434375 0.3409090909090909 0.013541666666666667 0.05632411067193676
4 0.07447916666666667 0.3359683794466403 0.0140625 0.06521739130434782
4 0.13854166666666667 0.2756916996047431 0.009895833333333333 0.05237154150197629
4 0.06197916666666667 0.34189723320158105 0.0109375 0.06225296442687747
4 0.14583333333333334 0.274703557312253 0.011458333333333333 0.05237154150197629
4 0.05572916666666667 0.3468379446640316 0.011979166666666667 0.058300395256917
3 0.2671875 0.38537549407114624 0.0359375 0.07114624505928854
3 0.1859375 0.525691699604743 0.033854166666666664 0.09980237154150198
2 0.27395833333333336 0.36264822134387353 0.0036458333333333334 0.008893280632411068