3 0.7484375 0.40118577075098816 0.0140625 0.07608695652173914
3 0.7583333333333333 0.4061264822134387 0.03854166666666667 0.0800395256916996
3 0.16145833333333334 0.48616600790513836 0.017708333333333333 0.08102766798418973
3 0.3104166666666667 0.5879446640316206 0.018229166666666668 0.0958498023715415
3 0.6255208333333333 0.42391304347826086 0.015625 0.07213438735177866
3 0.290625 0.3201581027667984 0.011458333333333333 0.04841897233201581
3 0.7510416666666667 0.5217391304347826 0.028645833333333332 0.09090909090909091
3 0.19322916666666667 0.44565217391304346 0.016145833333333335 0.06818181818181818
3 0.4119791666666667 0.33695652173913043 0.013020833333333334 0.05138339920948617
3 0.559375 0.33794466403162055 0.013020833333333334 0.05138339920948617
3 0.5260416666666666 0.3409090909090909 0.0140625 0.06225296442687747
3 0.6427083333333333 0.4278656126482213 0.016145833333333335 0.07707509881422925
4 0.9583333333333334 0.3547430830039526 0.011979166666666667 0.06324110671936758
3 0.28489583333333335 0.44960474308300397 0.015104166666666667 0.08201581027667984
4 0.9463541666666667 0.34980237154150196 0.0140625 0.0691699604743083
4 0.865625 0.2816205533596838 0.010416666666666666 0.0533596837944664
4 0.8739583333333333 0.283596837944664 0.009895833333333333 0.05434782608695652
4 0.9645833333333333 0.36264822134387353 0.0140625 0.06126482213438735
2 0.7442708333333333 0.38636363636363635 0.005208333333333333 0.012845849802371542
3 0.759375 0.5405138339920948 0.028645833333333332 0.09683794466403162