3 0.496875 0.33201581027667987 0.019791666666666666 0.07213438735177866
3 0.6911458333333333 0.33794466403162055 0.01875 0.06225296442687747
3 0.3854166666666667 0.4308300395256917 0.016145833333333335 0.09189723320158102
3 0.9078125 0.5306324110671937 0.027083333333333334 0.1007905138339921
3 0.303125 0.4209486166007905 0.025 0.08992094861660078
3 0.46458333333333335 0.37549407114624506 0.018229166666666668 0.08102766798418973
3 0.121875 0.4624505928853755 0.0265625 0.1225296442687747
3 0.16458333333333333 0.391304347826087 0.024479166666666666 0.08893280632411067
3 0.7135416666666666 0.4515810276679842 0.022395833333333334 0.08201581027667984
3 0.7265625 0.49110671936758893 0.027083333333333334 0.1067193675889328
3 0.7677083333333333 0.32608695652173914 0.011979166666666667 0.06027667984189723
4 0.2359375 0.25691699604743085 0.011458333333333333 0.06126482213438735
4 0.22604166666666667 0.25889328063241107 0.008333333333333333 0.05237154150197629
3 0.9291666666666667 0.49604743083003955 0.0203125 0.09881422924901186
4 0.2864583333333333 0.2183794466403162 0.009895833333333333 0.04841897233201581
3 0.9489583333333333 0.47134387351778656 0.022395833333333334 0.08399209486166008
4 0.29375 0.21739130434782608 0.0109375 0.04940711462450593
2 0.15520833333333334 0.40019762845849804 0.0067708333333333336 0.016798418972332016
0 0.0765625 0.4308300395256917 0.007291666666666667 0.007905138339920948
4 0.22239583333333332 0.26383399209486164 0.008854166666666666 0.05434782608695652