3 0.27291666666666664 0.5079051383399209 0.022916666666666665 0.10375494071146245
3 0.3359375 0.5345849802371542 0.023958333333333335 0.10474308300395258
3 0.5416666666666666 0.5276679841897233 0.022395833333333334 0.09387351778656126
3 0.4744791666666667 0.5355731225296443 0.01875 0.09881422924901186
3 0.6333333333333333 0.5197628458498024 0.023958333333333335 0.10573122529644269
3 0.684375 0.5355731225296443 0.022395833333333334 0.08695652173913043
3 0.2234375 0.475296442687747 0.01875 0.0958498023715415
3 0.49166666666666664 0.20652173913043478 0.008854166666666666 0.03260869565217391
3 0.459375 0.20652173913043478 0.0078125 0.030632411067193676
3 0.39427083333333335 0.2025691699604743 0.007291666666666667 0.03458498023715415
4 0.027083333333333334 0.3458498023715415 0.014583333333333334 0.06620553359683795
3 0.43333333333333335 0.20553359683794467 0.008333333333333333 0.02865612648221344
4 0.09895833333333333 0.2756916996047431 0.011458333333333333 0.05533596837944664
3 0.4421875 0.20652173913043478 0.0078125 0.02865612648221344
3 0.4125 0.208498023715415 0.0067708333333333336 0.02766798418972332
2 0.4510416666666667 0.09782608695652174 0.0067708333333333336 0.00691699604743083
3 0.38645833333333335 0.2025691699604743 0.0078125 0.02865612648221344
4 0.10677083333333333 0.2737154150197628 0.011979166666666667 0.05533596837944664
4 0.03697916666666667 0.33893280632411066 0.0171875 0.06818181818181818
4 0.020833333333333332 0.35177865612648224 0.0140625 0.06521739130434782