3 0.6229166666666667 0.2865612648221344 0.013541666666666667 0.04940711462450593
3 0.27708333333333335 0.3675889328063241 0.017708333333333333 0.0741106719367589
3 0.21927083333333333 0.41798418972332013 0.01875 0.08498023715415019
3 0.5276041666666667 0.3705533596837945 0.015104166666666667 0.06719367588932806
3 0.59375 0.35276679841897235 0.021875 0.06620553359683795
3 0.7578125 0.41007905138339923 0.015625 0.07509881422924901
3 0.41458333333333336 0.3132411067193676 0.013020833333333334 0.0691699604743083
3 0.7354166666666667 0.43280632411067194 0.0171875 0.0800395256916996
3 0.49166666666666664 0.3359683794466403 0.0140625 0.07114624505928854
3 0.6171875 0.33300395256917 0.011458333333333333 0.058300395256917
3 0.5 0.4723320158102767 0.0203125 0.0958498023715415
3 0.4828125 0.45652173913043476 0.026041666666666668 0.09683794466403162
3 0.8552083333333333 0.5029644268774703 0.021354166666666667 0.09980237154150198
3 0.7354166666666667 0.5059288537549407 0.027604166666666666 0.08992094861660078
4 0.046875 0.2717391304347826 0.008854166666666666 0.05928853754940711
4 0.058333333333333334 0.26877470355731226 0.013020833333333334 0.06422924901185771
4 0.11614583333333334 0.22529644268774704 0.008854166666666666 0.05138339920948617
4 0.12395833333333334 0.22430830039525693 0.010416666666666666 0.04841897233201581
4 0.043229166666666666 0.2766798418972332 0.0109375 0.05731225296442688
2 0.5994791666666667 0.32707509881422925 0.0067708333333333336 0.005928853754940711