3 0.7364583333333333 0.45849802371541504 0.03125 0.07707509881422925
3 0.21614583333333334 0.4990118577075099 0.022916666666666665 0.08695652173913043
3 0.19375 0.6185770750988142 0.03177083333333333 0.09881422924901186
3 0.13489583333333333 0.5 0.021354166666666667 0.07707509881422925
3 0.6010416666666667 0.34189723320158105 0.013541666666666667 0.06225296442687747
3 0.3416666666666667 0.38636363636363635 0.015625 0.058300395256917
3 0.07135416666666666 0.5662055335968379 0.022916666666666665 0.09486166007905138
3 0.6322916666666667 0.4792490118577075 0.020833333333333332 0.07707509881422925
3 0.47604166666666664 0.37549407114624506 0.0125 0.05138339920948617
3 0.51875 0.36462450592885376 0.0109375 0.05138339920948617
3 0.240625 0.37549407114624506 0.0140625 0.05731225296442688
3 0.3921875 0.36264822134387353 0.013020833333333334 0.05731225296442688
3 0.6260416666666667 0.33794466403162055 0.0265625 0.05138339920948617
3 0.39895833333333336 0.3715415019762846 0.015104166666666667 0.06422924901185771
2 0.6609375 0.33794466403162055 0.0067708333333333336 0.004940711462450593
3 0.7359375 0.14130434782608695 0.005208333333333333 0.019762845849802372