3 0.5744791666666667 0.38537549407114624 0.018229166666666668 0.07213438735177866
3 0.2171875 0.549407114624506 0.028125 0.08794466403162056
3 0.290625 0.567193675889328 0.030208333333333334 0.1067193675889328
3 0.6901041666666666 0.6551383399209486 0.025 0.11462450592885376
3 0.7109375 0.7687747035573123 0.034895833333333334 0.15118577075098813
3 0.253125 0.5444664031620553 0.021354166666666667 0.08102766798418973
3 0.14739583333333334 0.5612648221343873 0.03229166666666667 0.09782608695652174
3 0.971875 0.7094861660079052 0.0390625 0.12944664031620554
3 0.6994791666666667 0.8685770750988142 0.024479166666666666 0.16205533596837945
3 0.15416666666666667 0.525691699604743 0.0234375 0.07707509881422925
3 0.31145833333333334 0.3557312252964427 0.0140625 0.044466403162055336
3 0.7432291666666667 0.8725296442687747 0.044270833333333336 0.1274703557312253
2 0.29791666666666666 0.37450592885375494 0.005729166666666666 0.00691699604743083