3 0.37916666666666665 0.508893280632411 0.027604166666666666 0.11067193675889328
3 0.3515625 0.4634387351778656 0.019791666666666666 0.08498023715415019
3 0.34010416666666665 0.3310276679841897 0.0125 0.05928853754940711
3 0.6166666666666667 0.4189723320158103 0.015104166666666667 0.08893280632411067
3 0.2760416666666667 0.3290513833992095 0.015104166666666667 0.058300395256917
3 0.5385416666666667 0.3409090909090909 0.014583333333333334 0.07509881422924901
3 0.5239583333333333 0.3784584980237154 0.021875 0.08102766798418973
3 0.6604166666666667 0.39624505928853754 0.017708333333333333 0.08399209486166008
3 0.7588541666666667 0.35375494071146246 0.014583333333333334 0.0800395256916996
3 0.9067708333333333 0.41699604743083 0.03333333333333333 0.10869565217391304
3 0.16041666666666668 0.4634387351778656 0.021354166666666667 0.09090909090909091
3 0.11197916666666667 0.4743083003952569 0.023958333333333335 0.08893280632411067
3 0.0859375 0.5049407114624506 0.030729166666666665 0.09782608695652174
3 0.15520833333333334 0.4980237154150198 0.0265625 0.09486166007905138
4 0.7734375 0.2598814229249012 0.0078125 0.05434782608695652
4 0.7630208333333334 0.25790513833992096 0.0125 0.058300395256917
4 0.7125 0.21936758893280633 0.009375 0.04841897233201581
4 0.7052083333333333 0.2183794466403162 0.010416666666666666 0.04841897233201581
4 0.7770833333333333 0.26383399209486164 0.008333333333333333 0.05138339920948617
2 0.7515625 0.35177865612648224 0.005729166666666666 0.014822134387351778
0 0.9223958333333333 0.4318181818181818 0.0067708333333333336 0.007905138339920948