3 0.675 0.6215415019762845 0.028125 0.10177865612648221
3 0.2453125 0.6057312252964426 0.028645833333333332 0.116600790513834
3 0.5520833333333334 0.4782608695652174 0.01875 0.07213438735177866
3 0.4713541666666667 0.6452569169960475 0.024479166666666666 0.11166007905138339
3 0.6020833333333333 0.5563241106719368 0.0234375 0.10474308300395258
3 0.21979166666666666 0.5770750988142292 0.025520833333333333 0.11363636363636363
3 0.325 0.5711462450592886 0.025 0.10573122529644269
3 0.3390625 0.31225296442687744 0.0109375 0.05138339920948617
3 0.3890625 0.2618577075098814 0.010416666666666666 0.04940711462450593
3 0.4041666666666667 0.3092885375494071 0.0109375 0.05237154150197629
3 0.5010416666666667 0.2865612648221344 0.008854166666666666 0.044466403162055336
3 0.5447916666666667 0.26679841897233203 0.010416666666666666 0.044466403162055336
3 0.5328125 0.2865612648221344 0.0125 0.042490118577075096
2 0.3333333333333333 0.5563241106719368 0.005729166666666666 0.009881422924901186
3 0.5630208333333333 0.30138339920948615 0.0109375 0.04940711462450593
2 0.5333333333333333 0.04940711462450593 0.005729166666666666 0.003952569169960474