3 0.7119791666666667 0.3784584980237154 0.019791666666666666 0.06225296442687747
3 0.7213541666666666 0.39920948616600793 0.030729166666666665 0.058300395256917
3 0.7135416666666666 0.4426877470355731 0.0296875 0.07509881422924901
3 0.09166666666666666 0.5563241106719368 0.027604166666666666 0.09782608695652174
3 0.5473958333333333 0.5158102766798419 0.022916666666666665 0.09189723320158102
3 0.6911458333333333 0.46047430830039526 0.022916666666666665 0.07905138339920949
3 0.5114583333333333 0.5444664031620553 0.029166666666666667 0.09387351778656126
3 0.21927083333333333 0.42193675889328064 0.015625 0.06422924901185771
3 0.4427083333333333 0.3794466403162055 0.022395833333333334 0.06521739130434782
3 0.014583333333333334 0.5553359683794467 0.028645833333333332 0.08893280632411067
3 0.49322916666666666 0.3616600790513834 0.024479166666666666 0.06324110671936758
3 0.06302083333333333 0.7539525691699605 0.04375 0.10375494071146245
3 0.103125 0.41106719367588934 0.0171875 0.06225296442687747
2 0.7151041666666667 0.366600790513834 0.0067708333333333336 0.011857707509881422