3 0.33541666666666664 0.5691699604743083 0.0203125 0.10276679841897234
3 0.646875 0.3409090909090909 0.0203125 0.05138339920948617
3 0.115625 0.6037549407114624 0.027604166666666666 0.10276679841897234
3 0.1890625 0.8162055335968379 0.0453125 0.11561264822134387
3 0.7010416666666667 0.6175889328063241 0.0265625 0.11363636363636363
3 0.40625 0.3715415019762846 0.019791666666666666 0.0691699604743083
3 0.2916666666666667 0.8132411067193676 0.030729166666666665 0.12944664031620554
3 0.22604166666666667 0.8567193675889329 0.03229166666666667 0.18280632411067194
3 0.7682291666666666 0.5049407114624506 0.029166666666666667 0.08498023715415019
3 0.6848958333333334 0.4841897233201581 0.026041666666666668 0.06818181818181818
3 0.753125 0.8942687747035574 0.0375 0.1422924901185771
3 0.7041666666666667 0.5503952569169961 0.020833333333333332 0.07806324110671936
3 0.7583333333333333 0.475296442687747 0.0203125 0.0691699604743083
2 0.6770833333333334 0.3577075098814229 0.005729166666666666 0.007905138339920948