3 0.6260416666666667 0.5474308300395256 0.04375 0.08992094861660078
3 0.575 0.42292490118577075 0.028645833333333332 0.07509881422924901
3 0.128125 0.5355731225296443 0.021354166666666667 0.09288537549407115
3 0.6197916666666666 0.3685770750988142 0.018229166666666668 0.06324110671936758
3 0.7072916666666667 0.43873517786561267 0.027604166666666666 0.07509881422924901
3 0.27447916666666666 0.4061264822134387 0.0125 0.06027667984189723
3 0.5989583333333334 0.5019762845849802 0.021875 0.08893280632411067
3 0.7489583333333333 0.3695652173913043 0.016145833333333335 0.0533596837944664
3 0.5859375 0.3715415019762846 0.014583333333333334 0.06521739130434782
3 0.6979166666666666 0.3774703557312253 0.019270833333333334 0.05039525691699605
3 0.13854166666666667 0.39822134387351776 0.015625 0.06126482213438735
3 0.16458333333333333 0.717391304347826 0.026041666666666668 0.11363636363636363
3 0.041666666666666664 0.5345849802371542 0.021354166666666667 0.08201581027667984
2 0.6213541666666667 0.36462450592885376 0.005729166666666666 0.007905138339920948