3 0.24791666666666667 0.3883399209486166 0.017708333333333333 0.08399209486166008
3 0.2869791666666667 0.3557312252964427 0.023958333333333335 0.0741106719367589
3 0.765625 0.43478260869565216 0.030208333333333334 0.08399209486166008
3 0.6114583333333333 0.35276679841897235 0.018229166666666668 0.06422924901185771
3 0.8119791666666667 0.4278656126482213 0.016145833333333335 0.07806324110671936
3 0.44583333333333336 0.3092885375494071 0.0125 0.06620553359683795
3 0.51875 0.32707509881422925 0.013541666666666667 0.06719367588932806
3 0.8958333333333334 0.5108695652173914 0.021354166666666667 0.1007905138339921
3 0.6395833333333333 0.3310276679841897 0.011979166666666667 0.05928853754940711
3 0.5046875 0.366600790513834 0.017708333333333333 0.06422924901185771
3 0.6619791666666667 0.2875494071146245 0.011458333333333333 0.04841897233201581
3 0.46875 0.4654150197628458 0.027604166666666666 0.09881422924901186
3 0.4786458333333333 0.47134387351778656 0.036458333333333336 0.09486166007905138
3 0.7604166666666666 0.5177865612648221 0.025520833333333333 0.0958498023715415
4 0.09270833333333334 0.26778656126482214 0.009375 0.05632411067193676
4 0.16666666666666666 0.22134387351778656 0.008854166666666666 0.04743083003952569
4 0.10260416666666666 0.2648221343873518 0.011458333333333333 0.06225296442687747
4 0.15833333333333333 0.22233201581027667 0.008854166666666666 0.04940711462450593
4 0.08854166666666667 0.2727272727272727 0.010416666666666666 0.05533596837944664
2 0.615625 0.34288537549407117 0.005208333333333333 0.011857707509881422