3 0.9057291666666667 0.5632411067193676 0.026041666666666668 0.10177865612648221
3 0.28802083333333334 0.37648221343873517 0.021354166666666667 0.06126482213438735
3 0.5354166666666667 0.37549407114624506 0.027604166666666666 0.0691699604743083
3 0.3078125 0.4683794466403162 0.025 0.08102766798418973
3 0.25677083333333334 0.44861660079051385 0.0265625 0.0741106719367589
3 0.2833333333333333 0.3952569169960474 0.033854166666666664 0.06027667984189723
3 0.4270833333333333 0.5286561264822134 0.028125 0.08201581027667984
3 0.7744791666666667 0.42193675889328064 0.016145833333333335 0.06324110671936758
3 0.46770833333333334 0.549407114624506 0.021354166666666667 0.0958498023715415
3 0.4817708333333333 0.36462450592885376 0.025 0.06521739130434782
3 0.928125 0.7628458498023716 0.03125 0.11956521739130435
3 0.9880208333333333 0.5563241106719368 0.022395833333333334 0.08893280632411067
3 0.8921875 0.40810276679841895 0.015625 0.06126482213438735