3 0.37083333333333335 0.5335968379446641 0.03177083333333333 0.12450592885375494
3 0.778125 0.4397233201581028 0.019791666666666666 0.11857707509881422
3 0.896875 0.45948616600790515 0.020833333333333332 0.1383399209486166
3 0.18020833333333333 0.5187747035573123 0.028125 0.116600790513834
3 0.25104166666666666 0.5039525691699605 0.034375 0.14031620553359683
3 0.5041666666666667 0.5731225296442688 0.030208333333333334 0.13339920948616601
3 0.6635416666666667 0.708498023715415 0.0484375 0.21739130434782608
3 0.6083333333333333 0.15612648221343872 0.008333333333333333 0.036561264822134384
3 0.5234375 0.16106719367588934 0.008854166666666666 0.03260869565217391
4 0.9645833333333333 0.24802371541501977 0.0171875 0.0691699604743083
3 0.546875 0.16106719367588934 0.008333333333333333 0.03162055335968379
3 0.6260416666666667 0.15711462450592886 0.008854166666666666 0.03359683794466403
3 0.5864583333333333 0.1600790513833992 0.0078125 0.03162055335968379
3 0.5609375 0.1600790513833992 0.008333333333333333 0.03162055335968379
4 0.9760416666666667 0.25296442687747034 0.0140625 0.06719367588932806
3 0.5723958333333333 0.1600790513833992 0.0078125 0.030632411067193676
4 0.9036458333333334 0.20553359683794467 0.010416666666666666 0.05632411067193676
2 0.6770833333333334 0.5958498023715415 0.016145833333333335 0.02865612648221344
4 0.8958333333333334 0.20454545454545456 0.011458333333333333 0.05533596837944664
4 0.9817708333333334 0.25790513833992096 0.013020833333333334 0.06620553359683795