3 0.23697916666666666 0.508893280632411 0.04739583333333333 0.13636363636363635
3 0.3697916666666667 0.5296442687747036 0.03125 0.12154150197628459
3 0.7791666666666667 0.42292490118577075 0.022395833333333334 0.1492094861660079
3 0.8979166666666667 0.44466403162055335 0.0203125 0.16205533596837945
3 0.18072916666666666 0.5177865612648221 0.027083333333333334 0.116600790513834
3 0.503125 0.5691699604743083 0.028645833333333332 0.13537549407114624
3 0.6098958333333333 0.1551383399209486 0.007291666666666667 0.03458498023715415
3 0.6291666666666667 0.1541501976284585 0.008333333333333333 0.03162055335968379
4 0.9052083333333333 0.20355731225296442 0.009895833333333333 0.05533596837944664
3 0.6666666666666666 0.724308300395257 0.04010416666666667 0.22529644268774704
3 0.5880208333333333 0.15810276679841898 0.0067708333333333336 0.030632411067193676
3 0.5338541666666666 0.1600790513833992 0.0078125 0.03260869565217391
3 0.5645833333333333 0.1590909090909091 0.00625 0.03162055335968379
4 0.9635416666666666 0.24604743083003952 0.019791666666666666 0.0691699604743083
3 0.5489583333333333 0.1590909090909091 0.0067708333333333336 0.03162055335968379
2 0.671875 0.6027667984189723 0.021354166666666667 0.037549407114624504
4 0.8963541666666667 0.2015810276679842 0.011979166666666667 0.05731225296442688
4 0.9765625 0.2509881422924901 0.015104166666666667 0.06620553359683795
4 0.9822916666666667 0.25592885375494073 0.0140625 0.06719367588932806
3 0.5729166666666666 0.15810276679841898 0.005729166666666666 0.03162055335968379