3 0.6614583333333334 0.5039525691699605 0.016145833333333335 0.0800395256916996
3 0.284375 0.34782608695652173 0.014583333333333334 0.0691699604743083
3 0.8166666666666667 0.4772727272727273 0.018229166666666668 0.08102766798418973
3 0.13958333333333334 0.4515810276679842 0.023958333333333335 0.0691699604743083
3 0.5817708333333333 0.3300395256916996 0.011458333333333333 0.04940711462450593
3 0.6755208333333333 0.4209486166007905 0.015625 0.07509881422924901
3 0.7765625 0.42193675889328064 0.0171875 0.06719367588932806
3 0.3640625 0.33201581027667987 0.013541666666666667 0.05039525691699605
3 0.3296875 0.33794466403162055 0.020833333333333332 0.04743083003952569
3 0.29635416666666664 0.3547430830039526 0.03125 0.06521739130434782
3 0.6932291666666667 0.3102766798418972 0.0109375 0.04743083003952569
3 0.3776041666666667 0.43873517786561267 0.015104166666666667 0.07509881422924901
3 0.384375 0.4614624505928854 0.021875 0.08102766798418973
3 0.2 0.43280632411067194 0.033854166666666664 0.07509881422924901
4 0.10520833333333333 0.3092885375494071 0.011458333333333333 0.06027667984189723
4 0.09322916666666667 0.3132411067193676 0.009895833333333333 0.058300395256917
4 0.1671875 0.25691699604743085 0.009375 0.05039525691699605
4 0.16041666666666668 0.25790513833992096 0.008854166666666666 0.04940711462450593
4 0.08697916666666666 0.3191699604743083 0.009895833333333333 0.05533596837944664