3 0.4197916666666667 0.3804347826086957 0.021875 0.0691699604743083
3 0.31875 0.6235177865612648 0.022916666666666665 0.11758893280632411
3 0.057291666666666664 0.6739130434782609 0.03854166666666667 0.1274703557312253
3 0.2989583333333333 0.8359683794466403 0.030729166666666665 0.1422924901185771
3 0.8041666666666667 0.8547430830039525 0.04114583333333333 0.13043478260869565
3 0.26614583333333336 0.7865612648221344 0.03854166666666667 0.1324110671936759
3 0.8229166666666666 0.5434782608695652 0.0265625 0.08695652173913043
3 0.228125 0.8428853754940712 0.03697916666666667 0.12549407114624506
3 0.6765625 0.34782608695652173 0.014583333333333334 0.05138339920948617
3 0.7505208333333333 0.5266798418972332 0.022395833333333334 0.08498023715415019
3 0.7286458333333333 0.5444664031620553 0.0234375 0.08498023715415019
3 0.7067708333333333 0.5889328063241107 0.024479166666666666 0.11758893280632411
3 0.8125 0.508893280632411 0.026041666666666668 0.08201581027667984
2 0.6942708333333333 0.3715415019762846 0.00625 0.005928853754940711
0 0.15885416666666666 0.33992094861660077 0.004166666666666667 0.005928853754940711