3 0.3963541666666667 0.3547430830039526 0.019791666666666666 0.06620553359683795
3 0.14739583333333334 0.8162055335968379 0.036458333333333336 0.14624505928853754
3 0.1765625 0.5375494071146245 0.026041666666666668 0.09683794466403162
3 0.6229166666666667 0.33201581027667987 0.0171875 0.0533596837944664
3 0.6901041666666666 0.658102766798419 0.03125 0.12845849802371542
3 0.675 0.5513833992094862 0.021354166666666667 0.08498023715415019
3 0.6317708333333333 0.44565217391304346 0.0203125 0.06818181818181818
3 0.3541666666666667 0.5138339920948617 0.01875 0.08893280632411067
3 0.28854166666666664 0.7984189723320159 0.034375 0.14031620553359683
3 0.7213541666666666 0.4634387351778656 0.021875 0.07015810276679842
3 0.20572916666666666 0.8754940711462451 0.0375 0.1600790513833992
3 0.6885416666666667 0.9120553359683794 0.03697916666666667 0.15711462450592886
3 0.7005208333333334 0.4407114624505929 0.0234375 0.06719367588932806
2 0.63125 0.283596837944664 0.00625 0.00691699604743083