3 0.7083333333333334 0.466403162055336 0.030208333333333334 0.13043478260869565
3 0.22083333333333333 0.4397233201581028 0.019270833333333334 0.12154150197628459
3 0.7755208333333333 0.48221343873517786 0.025 0.11067193675889328
3 0.13333333333333333 0.44960474308300397 0.027604166666666666 0.12450592885375494
3 0.61875 0.5217391304347826 0.027083333333333334 0.12549407114624506
3 0.4953125 0.5237154150197628 0.027083333333333334 0.11956521739130435
3 0.3333333333333333 0.5335968379446641 0.033854166666666664 0.12648221343873517
3 0.48385416666666664 0.16304347826086957 0.007291666666666667 0.030632411067193676
3 0.39166666666666666 0.15711462450592886 0.0078125 0.03359683794466403
3 0.4125 0.1600790513833992 0.0067708333333333336 0.030632411067193676
3 0.3734375 0.15711462450592886 0.008333333333333333 0.03359683794466403
3 0.453125 0.16106719367588934 0.008333333333333333 0.03260869565217391
4 0.034375 0.24802371541501977 0.016145833333333335 0.07015810276679842
3 0.4395833333333333 0.1590909090909091 0.007291666666666667 0.03162055335968379
4 0.0953125 0.20454545454545456 0.009375 0.05632411067193676
3 0.4276041666666667 0.1590909090909091 0.0078125 0.029644268774703556
2 0.34375 0.5316205533596838 0.013541666666666667 0.023715415019762844
4 0.10364583333333334 0.20355731225296442 0.0109375 0.05632411067193676
4 0.022916666666666665 0.2519762845849802 0.014583333333333334 0.06422924901185771
4 0.017708333333333333 0.25691699604743085 0.0140625 0.06620553359683795