3 0.2515625 0.40118577075098816 0.0140625 0.07608695652173914
3 0.24166666666666667 0.4061264822134387 0.03854166666666667 0.0800395256916996
3 0.8385416666666666 0.48616600790513836 0.017708333333333333 0.08102766798418973
3 0.6895833333333333 0.5879446640316206 0.018229166666666668 0.0958498023715415
3 0.37447916666666664 0.42391304347826086 0.015625 0.07213438735177866
3 0.709375 0.3201581027667984 0.011458333333333333 0.04841897233201581
3 0.24895833333333334 0.5217391304347826 0.028645833333333332 0.09090909090909091
3 0.8067708333333333 0.44565217391304346 0.016145833333333335 0.06818181818181818
3 0.5880208333333333 0.33695652173913043 0.013020833333333334 0.05138339920948617
3 0.440625 0.33794466403162055 0.013020833333333334 0.05138339920948617
3 0.4739583333333333 0.3409090909090909 0.0140625 0.06225296442687747
3 0.3572916666666667 0.4278656126482213 0.016145833333333335 0.07707509881422925
4 0.041666666666666664 0.3547430830039526 0.011979166666666667 0.06324110671936758
3 0.7151041666666667 0.44960474308300397 0.015104166666666667 0.08201581027667984
4 0.05364583333333333 0.34980237154150196 0.0140625 0.0691699604743083
4 0.134375 0.2816205533596838 0.010416666666666666 0.0533596837944664
4 0.12604166666666666 0.283596837944664 0.009895833333333333 0.05434782608695652
4 0.035416666666666666 0.36264822134387353 0.0140625 0.06126482213438735
2 0.2557291666666667 0.38636363636363635 0.005208333333333333 0.012845849802371542
3 0.240625 0.5405138339920948 0.028645833333333332 0.09683794466403162