3 0.7401041666666667 0.6096837944664032 0.028125 0.0958498023715415
3 0.27760416666666665 0.41106719367588934 0.019791666666666666 0.06225296442687747
3 0.453125 0.366600790513834 0.016666666666666666 0.0691699604743083
3 0.9760416666666667 0.5741106719367589 0.0296875 0.0958498023715415
3 0.8072916666666666 0.49604743083003955 0.016145833333333335 0.08399209486166008
3 0.33125 0.43280632411067194 0.013541666666666667 0.0741106719367589
3 0.21979166666666666 0.40019762845849804 0.016666666666666666 0.06620553359683795
3 0.15208333333333332 0.39723320158102765 0.0171875 0.0691699604743083
3 0.6052083333333333 0.3675889328063241 0.011979166666666667 0.05731225296442688
3 0.5265625 0.3458498023715415 0.014583333333333334 0.06422924901185771
3 0.8786458333333333 0.49308300395256915 0.01875 0.07509881422924901
3 0.3296875 0.33794466403162055 0.022916666666666665 0.05138339920948617
3 0.78125 0.3616600790513834 0.009375 0.05434782608695652
3 0.3489583333333333 0.34189723320158105 0.023958333333333335 0.05434782608695652
4 0.007291666666666667 0.3606719367588933 0.0140625 0.0741106719367589
2 0.3140625 0.3567193675889328 0.0067708333333333336 0.003952569169960474