3 0.7807291666666667 0.4397233201581028 0.019791666666666666 0.11956521739130435
3 0.8911458333333333 0.46047430830039526 0.021875 0.13636363636363635
3 0.37083333333333335 0.5306324110671937 0.028125 0.12450592885375494
3 0.20208333333333334 0.49308300395256915 0.025520833333333333 0.10968379446640317
3 0.503125 0.558300395256917 0.030729166666666665 0.1324110671936759
3 0.27708333333333335 0.4782608695652174 0.030729166666666665 0.13142292490118576
3 0.68125 0.6215415019762845 0.058854166666666666 0.17687747035573123
3 0.6088541666666667 0.15612648221343872 0.008333333333333333 0.036561264822134384
3 0.5208333333333334 0.16205533596837945 0.009375 0.03359683794466403
3 0.6260416666666667 0.15711462450592886 0.008854166666666666 0.03260869565217391
4 0.9046875 0.20553359683794467 0.0109375 0.05632411067193676
3 0.5864583333333333 0.1600790513833992 0.007291666666666667 0.030632411067193676
4 0.9651041666666667 0.2490118577075099 0.016666666666666666 0.07114624505928854
3 0.5463541666666667 0.16205533596837945 0.0078125 0.03260869565217391
4 0.9770833333333333 0.2519762845849802 0.015104166666666667 0.06620553359683795
3 0.5598958333333334 0.1590909090909091 0.008333333333333333 0.03162055335968379
2 0.7052083333333333 0.5464426877470355 0.0109375 0.024703557312252964
4 0.8963541666666667 0.20355731225296442 0.011458333333333333 0.05632411067193676
4 0.9833333333333333 0.25790513833992096 0.013020833333333334 0.06620553359683795
3 0.571875 0.1600790513833992 0.007291666666666667 0.030632411067193676