3 0.7588541666666667 0.45849802371541504 0.028125 0.08498023715415019
3 0.7213541666666666 0.34782608695652173 0.011458333333333333 0.06521739130434782
3 0.6932291666666667 0.45454545454545453 0.022916666666666665 0.07213438735177866
3 0.6463541666666667 0.3468379446640316 0.018229166666666668 0.04841897233201581
3 0.3078125 0.43478260869565216 0.014583333333333334 0.07707509881422925
3 0.7140625 0.35079051383399207 0.020833333333333332 0.06818181818181818
3 0.584375 0.34288537549407117 0.0140625 0.06620553359683795
3 0.21354166666666666 0.441699604743083 0.016145833333333335 0.06719367588932806
3 0.3265625 0.5148221343873518 0.019791666666666666 0.08201581027667984
3 0.5765625 0.39624505928853754 0.014583333333333334 0.06422924901185771
3 0.43645833333333334 0.34189723320158105 0.013020833333333334 0.05039525691699605
3 0.15572916666666667 0.516798418972332 0.019270833333333334 0.08596837944664032
3 0.6557291666666667 0.4041501976284585 0.0140625 0.06521739130434782
3 0.30364583333333334 0.3231225296442688 0.0125 0.04841897233201581
4 0.8947916666666667 0.308300395256917 0.013020833333333334 0.06126482213438735
4 0.90625 0.31225296442687744 0.011458333333333333 0.05731225296442688
4 0.83125 0.25592885375494073 0.009895833333333333 0.04841897233201581
4 0.8390625 0.25691699604743085 0.008854166666666666 0.04940711462450593
4 0.9130208333333333 0.31620553359683795 0.0109375 0.05434782608695652
2 0.7166666666666667 0.3438735177865613 0.005208333333333333 0.007905138339920948