3 0.9260416666666667 0.5464426877470355 0.025520833333333333 0.09486166007905138
3 0.6125 0.3577075098814229 0.0171875 0.05632411067193676
3 0.2828125 0.38735177865612647 0.018229166666666668 0.06719367588932806
3 0.7833333333333333 0.4150197628458498 0.017708333333333333 0.06225296442687747
3 0.5375 0.4407114624505929 0.013020833333333334 0.06225296442687747
3 0.5864583333333333 0.4762845849802372 0.01875 0.07509881422924901
3 0.9078125 0.40217391304347827 0.015625 0.05928853754940711
3 0.625 0.3784584980237154 0.016145833333333335 0.06521739130434782
3 0.39114583333333336 0.40019762845849804 0.016145833333333335 0.06719367588932806
3 0.40208333333333335 0.3883399209486166 0.021354166666666667 0.058300395256917
3 0.28958333333333336 0.4150197628458498 0.03697916666666667 0.06225296442687747
3 0.9635416666666666 0.7144268774703557 0.03854166666666667 0.11067193675889328
3 0.9947916666666666 0.5523715415019763 0.010416666666666666 0.08102766798418973
2 0.28958333333333336 0.37351778656126483 0.005208333333333333 0.010869565217391304