3 0.23697916666666666 0.5079051383399209 0.046875 0.13537549407114624
3 0.37083333333333335 0.5296442687747036 0.03177083333333333 0.12351778656126482
3 0.8989583333333333 0.44466403162055335 0.021875 0.1600790513833992
3 0.7802083333333333 0.42193675889328064 0.021354166666666667 0.15019762845849802
3 0.5052083333333334 0.5701581027667985 0.027604166666666666 0.13537549407114624
3 0.659375 0.724308300395257 0.050520833333333334 0.22529644268774704
3 0.18125 0.5177865612648221 0.026041666666666668 0.11462450592885376
3 0.6104166666666667 0.1551383399209486 0.0078125 0.03458498023715415
4 0.90625 0.20355731225296442 0.010416666666666666 0.05731225296442688
3 0.5739583333333333 0.15810276679841898 0.0078125 0.030632411067193676
3 0.5359375 0.1590909090909091 0.005729166666666666 0.03359683794466403
3 0.6302083333333334 0.1551383399209486 0.008854166666666666 0.03260869565217391
3 0.5885416666666666 0.15711462450592886 0.008333333333333333 0.03162055335968379
2 0.6645833333333333 0.5988142292490118 0.019270833333333334 0.038537549407114624
4 0.965625 0.24604743083003952 0.017708333333333333 0.0691699604743083
4 0.978125 0.2509881422924901 0.0140625 0.06719367588932806
4 0.8973958333333333 0.2015810276679842 0.011458333333333333 0.05533596837944664
4 0.9833333333333333 0.25592885375494073 0.0125 0.06620553359683795
3 0.5645833333333333 0.15810276679841898 0.0067708333333333336 0.03260869565217391
3 0.5489583333333333 0.1600790513833992 0.008854166666666666 0.029644268774703556