3 0.3296875 0.6571146245059288 0.03333333333333333 0.1274703557312253
3 0.7682291666666666 0.46936758893280633 0.019791666666666666 0.07608695652173914
3 0.41041666666666665 0.39920948616600793 0.018229166666666668 0.06027667984189723
3 0.7984375 0.8438735177865613 0.040625 0.17193675889328064
3 0.6291666666666667 0.4535573122529644 0.016145833333333335 0.08300395256916997
3 0.39375 0.3201581027667984 0.013541666666666667 0.05237154150197629
3 0.36041666666666666 0.5454545454545454 0.025520833333333333 0.08102766798418973
3 0.7036458333333333 0.7598814229249012 0.030729166666666665 0.15019762845849802
3 0.3302083333333333 0.42292490118577075 0.017708333333333333 0.06225296442687747
3 0.3494791666666667 0.40217391304347827 0.015625 0.058300395256917
3 0.8557291666666667 0.7845849802371542 0.034375 0.16699604743083005
3 0.38333333333333336 0.8774703557312253 0.03802083333333333 0.15612648221343872
3 0.3572916666666667 0.9466403162055336 0.034375 0.10573122529644269
3 0.6104166666666667 0.33300395256917 0.011979166666666667 0.06027667984189723
2 0.40520833333333334 0.21047430830039526 0.0067708333333333336 0.007905138339920948