3 0.4 0.35177865612648224 0.01875 0.06324110671936758
3 0.5197916666666667 0.36561264822134387 0.019270833333333334 0.06620553359683795
3 0.17604166666666668 0.4278656126482213 0.016145833333333335 0.08102766798418973
3 0.3651041666666667 0.3300395256916996 0.019791666666666666 0.06027667984189723
3 0.23333333333333334 0.43774703557312256 0.021875 0.09189723320158102
3 0.5505208333333333 0.3073122529644269 0.015104166666666667 0.06324110671936758
3 0.4822916666666667 0.3231225296442688 0.017708333333333333 0.06422924901185771
3 0.71875 0.35177865612648224 0.016145833333333335 0.07213438735177866
3 0.096875 0.5128458498023716 0.019791666666666666 0.10177865612648221
3 0.7552083333333334 0.3804347826086957 0.022395833333333334 0.08201581027667984
3 0.3307291666666667 0.2875494071146245 0.013020833333333334 0.05039525691699605
3 0.5604166666666667 0.45553359683794464 0.03802083333333333 0.07905138339920949
3 0.55 0.47035573122529645 0.0265625 0.0958498023715415
3 0.24375 0.516798418972332 0.030208333333333334 0.09980237154150198
4 0.828125 0.22035573122529645 0.010416666666666666 0.04743083003952569
4 0.890625 0.2658102766798419 0.013020833333333334 0.06521739130434782
4 0.8354166666666667 0.22134387351778656 0.009895833333333333 0.05138339920948617
4 0.9015625 0.26679841897233203 0.0078125 0.05731225296442688
4 0.9052083333333333 0.2717391304347826 0.0109375 0.05434782608695652