3 0.44479166666666664 0.5642292490118577 0.022395833333333334 0.09782608695652174
3 0.334375 0.5217391304347826 0.0234375 0.09486166007905138
3 0.5885416666666666 0.5177865612648221 0.021875 0.10573122529644269
3 0.53125 0.47035573122529645 0.01875 0.07312252964426877
3 0.6625 0.5454545454545454 0.019791666666666666 0.09288537549407115
3 0.26666666666666666 0.5296442687747036 0.022395833333333334 0.09881422924901186
3 0.2359375 0.5019762845849802 0.019791666666666666 0.09683794466403162
3 0.37395833333333334 0.2628458498023715 0.009895833333333333 0.041501976284584984
3 0.4239583333333333 0.2618577075098814 0.009375 0.041501976284584984
3 0.3880208333333333 0.23517786561264822 0.009375 0.043478260869565216
3 0.46145833333333336 0.2450592885375494 0.010416666666666666 0.036561264822134384
3 0.5213541666666667 0.25691699604743085 0.0109375 0.038537549407114624
3 0.4979166666666667 0.24703557312252963 0.008854166666666666 0.03458498023715415
3 0.53125 0.24110671936758893 0.008333333333333333 0.038537549407114624