3 0.2916666666666667 0.6314229249011858 0.0203125 0.10177865612648221
3 0.6515625 0.42391304347826086 0.0125 0.07114624505928854
3 0.7661458333333333 0.42391304347826086 0.022916666666666665 0.07707509881422925
3 0.2677083333333333 0.4575098814229249 0.016145833333333335 0.07707509881422925
3 0.1421875 0.5049407114624506 0.019270833333333334 0.08201581027667984
3 0.18020833333333333 0.45948616600790515 0.01875 0.0691699604743083
3 0.5515625 0.33992094861660077 0.011979166666666667 0.05533596837944664
3 0.6807291666666667 0.525691699604743 0.0296875 0.08596837944664032
3 0.4109375 0.3438735177865613 0.011458333333333333 0.05533596837944664
3 0.5192708333333333 0.33695652173913043 0.013020833333333334 0.06126482213438735
3 0.2828125 0.32707509881422925 0.011458333333333333 0.04940711462450593
4 0.9661458333333334 0.3616600790513834 0.016666666666666666 0.07015810276679842
4 0.8770833333333333 0.28952569169960474 0.011458333333333333 0.06027667984189723
4 0.9796875 0.3685770750988142 0.010416666666666666 0.06818181818181818
4 0.8864583333333333 0.29150197628458496 0.010416666666666666 0.05731225296442688
4 0.9859375 0.37648221343873517 0.016145833333333335 0.06521739130434782
3 0.778125 0.4298418972332016 0.04114583333333333 0.0741106719367589
3 0.6869791666666667 0.549407114624506 0.0390625 0.10375494071146245
3 0.646875 0.4298418972332016 0.013541666666666667 0.07608695652173914