3 0.4739583333333333 0.48320158102766797 0.0234375 0.07707509881422925
3 0.5416666666666666 0.5138339920948617 0.021354166666666667 0.08399209486166008
3 0.39479166666666665 0.4891304347826087 0.021354166666666667 0.08992094861660078
3 0.7619791666666667 0.45652173913043476 0.019791666666666666 0.08992094861660078
3 0.7213541666666666 0.4851778656126482 0.01875 0.09189723320158102
3 0.34270833333333334 0.5158102766798419 0.024479166666666666 0.08695652173913043
3 0.6572916666666667 0.5069169960474308 0.021354166666666667 0.09683794466403162
3 0.49583333333333335 0.21541501976284586 0.008854166666666666 0.036561264822134384
3 0.5895833333333333 0.21146245059288538 0.00625 0.0266798418972332
3 0.6083333333333333 0.20948616600790515 0.0078125 0.037549407114624504
4 0.925 0.2875494071146245 0.0109375 0.058300395256917
3 0.5604166666666667 0.21739130434782608 0.0078125 0.03458498023715415
4 0.9166666666666666 0.2845849802371542 0.0125 0.058300395256917
3 0.55 0.2134387351778656 0.009375 0.03162055335968379
4 0.9953125 0.35968379446640314 0.009375 0.07509881422924901
3 0.5276041666666667 0.21541501976284586 0.008333333333333333 0.03260869565217391
3 0.5953125 0.21936758893280633 0.0067708333333333336 0.03162055335968379