3 0.34010416666666665 0.5039525691699605 0.017708333333333333 0.08102766798418973
3 0.8265625 0.4426877470355731 0.027604166666666666 0.07608695652173914
3 0.8802083333333334 0.45849802371541504 0.018229166666666668 0.07312252964426877
3 0.415625 0.32707509881422925 0.011979166666666667 0.05039525691699605
3 0.18645833333333334 0.4723320158102767 0.016145833333333335 0.07806324110671936
3 0.6515625 0.3409090909090909 0.019791666666666666 0.05138339920948617
3 0.7151041666666667 0.34782608695652173 0.010416666666666666 0.06818181818181818
3 0.22604166666666667 0.4189723320158103 0.015104166666666667 0.06521739130434782
3 0.7026041666666667 0.3567193675889328 0.027604166666666666 0.06225296442687747
3 0.32708333333333334 0.41699604743083 0.0125 0.07312252964426877
3 0.3072916666666667 0.308300395256917 0.011458333333333333 0.046442687747035576
3 0.6348958333333333 0.3339920948616601 0.014583333333333334 0.046442687747035576
3 0.6197916666666666 0.4318181818181818 0.0140625 0.07015810276679842
4 0.89375 0.3092885375494071 0.011979166666666667 0.06126482213438735
3 0.6114583333333333 0.44762845849802374 0.019791666666666666 0.0800395256916996
4 0.90625 0.3142292490118577 0.009895833333333333 0.05731225296442688
4 0.8322916666666667 0.25691699604743085 0.009895833333333333 0.04841897233201581
4 0.8390625 0.25691699604743085 0.008333333333333333 0.04940711462450593
4 0.9119791666666667 0.3191699604743083 0.010416666666666666 0.05533596837944664