3 0.31666666666666665 0.48221343873517786 0.030208333333333334 0.08201581027667984
3 0.8578125 0.5474308300395256 0.025 0.09288537549407115
3 0.7291666666666666 0.4950592885375494 0.0234375 0.08596837944664032
3 0.3729166666666667 0.34980237154150196 0.015104166666666667 0.06324110671936758
3 0.7479166666666667 0.5948616600790514 0.022395833333333334 0.09486166007905138
3 0.39895833333333336 0.4782608695652174 0.027604166666666666 0.08102766798418973
3 0.540625 0.3883399209486166 0.023958333333333335 0.06620553359683795
3 0.8 0.49703557312252966 0.019270833333333334 0.07707509881422925
3 0.7 0.37648221343873517 0.009895833333333333 0.058300395256917
3 0.44427083333333334 0.35375494071146246 0.011979166666666667 0.05632411067193676
3 0.5692708333333333 0.3784584980237154 0.019791666666666666 0.06719367588932806
3 0.46458333333333335 0.358695652173913 0.010416666666666666 0.05434782608695652
3 0.59375 0.3883399209486166 0.015104166666666667 0.06225296442687747
3 0.3546875 0.3310276679841897 0.015104166666666667 0.06225296442687747
2 0.35833333333333334 0.30335968379446643 0.00625 0.007905138339920948