3 0.11770833333333333 0.5098814229249012 0.0328125 0.1007905138339921
3 0.6911458333333333 0.3211462450592885 0.013020833333333334 0.07509881422924901
3 0.64375 0.40217391304347827 0.029166666666666667 0.07213438735177866
3 0.6984375 0.3774703557312253 0.022395833333333334 0.07312252964426877
3 0.4432291666666667 0.30632411067193677 0.018229166666666668 0.05533596837944664
3 0.5380208333333333 0.30533596837944665 0.017708333333333333 0.06422924901185771
3 0.7479166666666667 0.31620553359683795 0.018229166666666668 0.06719367588932806
3 0.7536458333333333 0.4051383399209486 0.017708333333333333 0.08695652173913043
3 0.2708333333333333 0.4258893280632411 0.021354166666666667 0.07905138339920949
3 0.2677083333333333 0.5 0.025520833333333333 0.0958498023715415
3 0.6791666666666667 0.3893280632411067 0.01875 0.0800395256916996
3 0.284375 0.2984189723320158 0.011979166666666667 0.0533596837944664
3 0.5526041666666667 0.30237154150197626 0.016666666666666666 0.06225296442687747
3 0.146875 0.4357707509881423 0.0203125 0.08300395256916997
4 0.8385416666666666 0.22035573122529645 0.010416666666666666 0.05237154150197629
4 0.8942708333333333 0.26383399209486164 0.0125 0.06521739130434782
4 0.9046875 0.2658102766798419 0.008854166666666666 0.05632411067193676
4 0.8302083333333333 0.22035573122529645 0.010416666666666666 0.05138339920948617
4 0.909375 0.2707509881422925 0.010416666666666666 0.05731225296442688
2 0.5614583333333333 0.2994071146245059 0.00625 0.007905138339920948