3 0.29270833333333335 0.7816205533596838 0.03177083333333333 0.1432806324110672
3 0.65625 0.549407114624506 0.0265625 0.07608695652173914
3 0.3614583333333333 0.4851778656126482 0.018229166666666668 0.09090909090909091
3 0.20208333333333334 0.8705533596837944 0.0359375 0.18379446640316205
3 0.6833333333333333 0.6640316205533597 0.028125 0.1373517786561265
3 0.14166666666666666 0.8063241106719368 0.03125 0.1650197628458498
3 0.6942708333333333 0.44664031620553357 0.026041666666666668 0.07015810276679842
3 0.6526041666666667 0.9021739130434783 0.040625 0.1600790513833992
3 0.6135416666666667 0.42292490118577075 0.019270833333333334 0.05928853754940711
3 0.20416666666666666 0.5069169960474308 0.026041666666666668 0.08695652173913043
3 0.3932291666666667 0.3448616600790514 0.0125 0.06126482213438735
3 0.6166666666666667 0.32608695652173914 0.0140625 0.05237154150197629
3 0.6776041666666667 0.42391304347826086 0.017708333333333333 0.06422924901185771
3 0.6177083333333333 0.9772727272727273 0.028125 0.044466403162055336
2 0.6135416666666667 0.2490118577075099 0.00625 0.00691699604743083