3 0.3390625 0.40118577075098816 0.022916666666666665 0.05632411067193676
3 0.19375 0.5612648221343873 0.028125 0.09288537549407115
3 0.071875 0.541501976284585 0.025 0.08794466403162056
3 0.5677083333333334 0.3606719367588933 0.0171875 0.06324110671936758
3 0.5927083333333333 0.34782608695652173 0.021354166666666667 0.05928853754940711
3 0.171875 0.5019762845849802 0.022395833333333334 0.08596837944664032
3 0.18854166666666666 0.39920948616600793 0.016145833333333335 0.06126482213438735
3 0.38177083333333334 0.3675889328063241 0.0234375 0.06225296442687747
3 0.4348958333333333 0.36561264822134387 0.024479166666666666 0.05533596837944664
3 0.40260416666666665 0.3547430830039526 0.014583333333333334 0.05731225296442688
3 0.11197916666666667 0.5059288537549407 0.020833333333333332 0.0800395256916996
3 0.5395833333333333 0.45652173913043476 0.022395833333333334 0.07213438735177866
3 0.5479166666666667 0.466403162055336 0.022916666666666665 0.07509881422924901
2 0.42083333333333334 0.35276679841897235 0.0067708333333333336 0.010869565217391304
3 0.440625 0.3695652173913043 0.03229166666666667 0.0533596837944664