3 0.275 0.34782608695652173 0.015104166666666667 0.06620553359683795
3 0.28489583333333335 0.35079051383399207 0.023958333333333335 0.06818181818181818
3 0.3958333333333333 0.35079051383399207 0.019791666666666666 0.058300395256917
3 0.8338541666666667 0.5029644268774703 0.021354166666666667 0.08102766798418973
3 0.6645833333333333 0.5108695652173914 0.021875 0.0800395256916996
3 0.7833333333333333 0.4357707509881423 0.016145833333333335 0.06719367588932806
3 0.34270833333333334 0.34782608695652173 0.0171875 0.05731225296442688
3 0.6901041666666666 0.4318181818181818 0.016145833333333335 0.07509881422924901
3 0.28072916666666664 0.41304347826086957 0.019270833333333334 0.07312252964426877
3 0.35052083333333334 0.4061264822134387 0.021354166666666667 0.06818181818181818
3 0.5776041666666667 0.33992094861660077 0.013020833333333334 0.0533596837944664
3 0.6942708333333333 0.3181818181818182 0.013020833333333334 0.04940711462450593
3 0.3572916666666667 0.48023715415019763 0.026041666666666668 0.07015810276679842
3 0.309375 0.4871541501976285 0.03125 0.07905138339920949
4 0.15989583333333332 0.25790513833992096 0.009375 0.04940711462450593
4 0.10364583333333334 0.308300395256917 0.0125 0.06027667984189723
4 0.0921875 0.31225296442687744 0.0125 0.05731225296442688
4 0.1671875 0.25691699604743085 0.009895833333333333 0.04841897233201581
4 0.0859375 0.3181818181818182 0.010416666666666666 0.05533596837944664