3 0.615625 0.5266798418972332 0.028125 0.11956521739130435
3 0.22239583333333332 0.44960474308300397 0.020833333333333332 0.12351778656126482
3 0.703125 0.47035573122529645 0.027604166666666666 0.12549407114624506
3 0.14375 0.44960474308300397 0.021354166666666667 0.11363636363636363
3 0.3385416666666667 0.5128458498023716 0.05572916666666667 0.11067193675889328
3 0.7666666666666667 0.4841897233201581 0.022395833333333334 0.10375494071146245
3 0.49270833333333336 0.5217391304347826 0.0265625 0.1274703557312253
3 0.48541666666666666 0.16403162055335968 0.007291666666666667 0.03260869565217391
3 0.3921875 0.15810276679841898 0.007291666666666667 0.03557312252964427
3 0.453125 0.16304347826086957 0.0078125 0.03260869565217391
3 0.37395833333333334 0.1590909090909091 0.0078125 0.03162055335968379
3 0.41302083333333334 0.16205533596837945 0.007291666666666667 0.030632411067193676
3 0.4401041666666667 0.16205533596837945 0.00625 0.03162055335968379
4 0.09583333333333334 0.21047430830039526 0.010416666666666666 0.05731225296442688
3 0.42864583333333334 0.16205533596837945 0.007291666666666667 0.03162055335968379
4 0.024479166666666666 0.25889328063241107 0.013020833333333334 0.06521739130434782
4 0.10416666666666667 0.2075098814229249 0.011458333333333333 0.05632411067193676
4 0.034895833333333334 0.25395256916996045 0.0171875 0.06818181818181818
2 0.3411458333333333 0.48221343873517786 0.00625 0.014822134387351778
4 0.018229166666666668 0.26383399209486164 0.013541666666666667 0.06620553359683795