3 0.2916666666666667 0.466403162055336 0.030208333333333334 0.13043478260869565
3 0.7791666666666667 0.4397233201581028 0.019270833333333334 0.12154150197628459
3 0.22447916666666667 0.48221343873517786 0.025 0.11067193675889328
3 0.8666666666666667 0.44960474308300397 0.027604166666666666 0.12450592885375494
3 0.38125 0.5217391304347826 0.027083333333333334 0.12549407114624506
3 0.5046875 0.5237154150197628 0.027083333333333334 0.11956521739130435
3 0.6666666666666666 0.5335968379446641 0.033854166666666664 0.12648221343873517
3 0.5161458333333333 0.16304347826086957 0.007291666666666667 0.030632411067193676
3 0.6083333333333333 0.15711462450592886 0.0078125 0.03359683794466403
3 0.5875 0.1600790513833992 0.0067708333333333336 0.030632411067193676
3 0.6265625 0.15711462450592886 0.008333333333333333 0.03359683794466403
3 0.546875 0.16106719367588934 0.008333333333333333 0.03260869565217391
4 0.965625 0.24802371541501977 0.016145833333333335 0.07015810276679842
3 0.5604166666666667 0.1590909090909091 0.007291666666666667 0.03162055335968379
4 0.9046875 0.20454545454545456 0.009375 0.05632411067193676
3 0.5723958333333333 0.1590909090909091 0.0078125 0.029644268774703556
2 0.65625 0.5316205533596838 0.013541666666666667 0.023715415019762844
4 0.8963541666666667 0.20355731225296442 0.0109375 0.05632411067193676
4 0.9770833333333333 0.2519762845849802 0.014583333333333334 0.06422924901185771
4 0.9822916666666667 0.25691699604743085 0.0140625 0.06620553359683795