3 0.45416666666666666 0.30533596837944665 0.016666666666666666 0.06422924901185771
3 0.4515625 0.3142292490118577 0.024479166666666666 0.06225296442687747
3 0.4171875 0.38438735177865613 0.025520833333333333 0.07905138339920949
3 0.23020833333333332 0.36561264822134387 0.01875 0.0691699604743083
3 0.8572916666666667 0.5098814229249012 0.022395833333333334 0.10276679841897234
3 0.3020833333333333 0.3191699604743083 0.016666666666666666 0.07312252964426877
3 0.8328125 0.4318181818181818 0.019791666666666666 0.0800395256916996
3 0.5177083333333333 0.30237154150197626 0.0109375 0.0533596837944664
3 0.7114583333333333 0.30039525691699603 0.013541666666666667 0.05138339920948617
3 0.3953125 0.37549407114624506 0.0171875 0.07312252964426877
3 0.7171875 0.4209486166007905 0.0203125 0.08201581027667984
3 0.25364583333333335 0.3092885375494071 0.015625 0.06225296442687747
3 0.7130208333333333 0.49110671936758893 0.023958333333333335 0.08794466403162056
3 0.2546875 0.3547430830039526 0.020833333333333332 0.06422924901185771
4 0.10572916666666667 0.26976284584980237 0.0125 0.06422924901185771
4 0.0953125 0.2727272727272727 0.008854166666666666 0.058300395256917
4 0.1609375 0.22628458498023715 0.008333333333333333 0.05039525691699605
4 0.16927083333333334 0.22529644268774704 0.009375 0.04940711462450593
4 0.090625 0.2776679841897233 0.0109375 0.05632411067193676