3 0.7427083333333333 0.41205533596837945 0.024479166666666666 0.08992094861660078
3 0.5614583333333333 0.2994071146245059 0.021354166666666667 0.05928853754940711
3 0.6875 0.31620553359683795 0.014583333333333334 0.06719367588932806
3 0.63125 0.39723320158102765 0.0234375 0.07114624505928854
3 0.684375 0.3824110671936759 0.0109375 0.07905138339920949
3 0.43697916666666664 0.30632411067193677 0.013541666666666667 0.05632411067193676
3 0.7526041666666666 0.3181818181818182 0.015104166666666667 0.06620553359683795
3 0.1109375 0.5079051383399209 0.026041666666666668 0.10177865612648221
3 0.540625 0.3092885375494071 0.025520833333333333 0.05138339920948617
3 0.28541666666666665 0.2984189723320158 0.0125 0.0533596837944664
3 0.2677083333333333 0.4278656126482213 0.020833333333333332 0.08201581027667984
3 0.14635416666666667 0.43774703557312256 0.019270833333333334 0.08102766798418973
3 0.2682291666666667 0.4990118577075099 0.022395833333333334 0.0958498023715415
4 0.89375 0.2628458498023715 0.0125 0.06126482213438735
4 0.9052083333333333 0.2658102766798419 0.008333333333333333 0.058300395256917
4 0.8380208333333333 0.22035573122529645 0.009375 0.05138339920948617
4 0.83125 0.22035573122529645 0.0109375 0.05138339920948617
4 0.909375 0.2707509881422925 0.009375 0.058300395256917
3 0.6927083333333334 0.39031620553359686 0.020833333333333332 0.08102766798418973
2 0.5692708333333333 0.28952569169960474 0.005208333333333333 0.005928853754940711