3 0.47708333333333336 0.4743083003952569 0.025 0.07509881422924901
3 0.7270833333333333 0.4881422924901186 0.023958333333333335 0.09683794466403162
3 0.35104166666666664 0.5128458498023716 0.022395833333333334 0.08399209486166008
3 0.5515625 0.5217391304347826 0.021875 0.09782608695652174
3 0.4083333333333333 0.49604743083003955 0.021354166666666667 0.10276679841897234
3 0.659375 0.5049407114624506 0.021354166666666667 0.09189723320158102
3 0.7604166666666666 0.4654150197628458 0.017708333333333333 0.0958498023715415
3 0.5640625 0.22924901185770752 0.0078125 0.036561264822134384
3 0.5171875 0.22332015810276679 0.009375 0.03458498023715415
3 0.4890625 0.22134387351778656 0.007291666666666667 0.038537549407114624
3 0.5786458333333333 0.2183794466403162 0.008854166666666666 0.03260869565217391
4 0.9458333333333333 0.2964426877470356 0.011458333333333333 0.05928853754940711
3 0.5359375 0.21936758893280633 0.008854166666666666 0.030632411067193676
3 0.6109375 0.21541501976284586 0.009375 0.037549407114624504
4 0.9364583333333333 0.29347826086956524 0.013541666666666667 0.06027667984189723
3 0.6020833333333333 0.22826086956521738 0.008854166666666666 0.03359683794466403