3 0.7755208333333333 0.43873517786561267 0.024479166666666666 0.11857707509881422
3 0.3692708333333333 0.532608695652174 0.03125 0.12450592885375494
3 0.8947916666666667 0.45948616600790515 0.022395833333333334 0.1383399209486166
3 0.23541666666666666 0.5098814229249012 0.04635416666666667 0.13932806324110672
3 0.503125 0.5721343873517787 0.030729166666666665 0.1373517786561265
3 0.17916666666666667 0.5187747035573123 0.027083333333333334 0.11561264822134387
3 0.6083333333333333 0.15612648221343872 0.008333333333333333 0.037549407114624504
3 0.5864583333333333 0.1600790513833992 0.007291666666666667 0.03260869565217391
3 0.5494791666666666 0.1600790513833992 0.007291666666666667 0.03359683794466403
4 0.9630208333333333 0.24703557312252963 0.018229166666666668 0.0691699604743083
3 0.6604166666666667 0.7282608695652174 0.04114583333333333 0.22628458498023715
3 0.6276041666666666 0.15612648221343872 0.009375 0.03162055335968379
3 0.5286458333333334 0.1600790513833992 0.00625 0.03557312252964427
3 0.571875 0.15711462450592886 0.007291666666666667 0.03458498023715415
4 0.9036458333333334 0.20553359683794467 0.009375 0.05632411067193676
2 0.675 0.5978260869565217 0.018229166666666668 0.036561264822134384
4 0.975 0.25296442687747034 0.014583333333333334 0.06620553359683795
4 0.8953125 0.20454545454545456 0.011458333333333333 0.05434782608695652
4 0.9807291666666667 0.25790513833992096 0.0140625 0.06620553359683795
3 0.5635416666666667 0.15711462450592886 0.0067708333333333336 0.03458498023715415