3 0.18958333333333333 0.4733201581027668 0.020833333333333332 0.0958498023715415
3 0.4875 0.45849802371541504 0.021875 0.06225296442687747
3 0.5270833333333333 0.4762845849802372 0.020833333333333332 0.0691699604743083
3 0.2635416666666667 0.43873517786561267 0.0234375 0.08695652173913043
3 0.596875 0.3774703557312253 0.0140625 0.05928853754940711
3 0.45260416666666664 0.3547430830039526 0.011458333333333333 0.06126482213438735
3 0.3151041666666667 0.40711462450592883 0.015625 0.06521739130434782
3 0.7760416666666666 0.6758893280632411 0.028645833333333332 0.09090909090909091
3 0.7729166666666667 0.49407114624505927 0.015625 0.08498023715415019
3 0.49166666666666664 0.33300395256917 0.0125 0.05434782608695652
3 0.3296875 0.40711462450592883 0.014583333333333334 0.07213438735177866
3 0.8703125 0.5049407114624506 0.020833333333333332 0.06818181818181818
3 0.7546875 0.3567193675889328 0.0140625 0.05237154150197629
3 0.9447916666666667 0.5780632411067194 0.0265625 0.09090909090909091
4 0.0515625 0.3290513833992095 0.0140625 0.06719367588932806
4 0.040625 0.33300395256917 0.013541666666666667 0.06818181818181818
2 0.19322916666666667 0.4614624505928854 0.009375 0.012845849802371542