3 0.5578125 0.5335968379446641 0.021875 0.09189723320158102
3 0.35104166666666664 0.5148221343873518 0.0203125 0.08102766798418973
3 0.47708333333333336 0.47035573122529645 0.022916666666666665 0.07509881422924901
3 0.7291666666666666 0.4990118577075099 0.019270833333333334 0.09189723320158102
3 0.4140625 0.49604743083003955 0.021875 0.09288537549407115
3 0.6625 0.5009881422924901 0.0203125 0.08399209486166008
3 0.7609375 0.47134387351778656 0.01875 0.08992094861660078
3 0.5630208333333333 0.22430830039525693 0.009895833333333333 0.02766798418972332
3 0.48125 0.22924901185770752 0.009375 0.037549407114624504
4 0.971875 0.31126482213438733 0.0109375 0.06620553359683795
3 0.5046875 0.23616600790513834 0.009895833333333333 0.03557312252964427
3 0.6114583333333333 0.21739130434782608 0.008333333333333333 0.03260869565217391
3 0.6109375 0.24011857707509882 0.007291666666666667 0.036561264822134384
4 0.9625 0.308300395256917 0.0140625 0.06324110671936758
3 0.5223958333333333 0.22727272727272727 0.008333333333333333 0.03162055335968379
3 0.5666666666666667 0.24011857707509882 0.009895833333333333 0.036561264822134384