3 0.07760416666666667 0.6986166007905138 0.035416666666666666 0.10770750988142293
3 0.4453125 0.475296442687747 0.025 0.08102766798418973
3 0.7822916666666667 0.8349802371541502 0.044270833333333336 0.1432806324110672
3 0.4010416666666667 0.47134387351778656 0.021875 0.07806324110671936
3 0.690625 0.7628458498023716 0.028645833333333332 0.13537549407114624
3 0.5098958333333333 0.42391304347826086 0.016666666666666666 0.07213438735177866
3 0.5109375 0.4654150197628458 0.017708333333333333 0.08596837944664032
3 0.68125 0.9772727272727273 0.0296875 0.043478260869565216
3 0.7057291666666666 0.15711462450592886 0.007291666666666667 0.024703557312252964
3 0.7635416666666667 0.15612648221343872 0.00625 0.022727272727272728
3 0.6916666666666667 0.15612648221343872 0.008333333333333333 0.021739130434782608
0 0.8661458333333333 0.3774703557312253 0.0036458333333333334 0.005928853754940711
0 0.7739583333333333 0.2826086956521739 0.003125 0.003952569169960474
0 0.16666666666666666 0.3922924901185771 0.0046875 0.007905138339920948