3 0.7567708333333333 0.5355731225296443 0.025 0.11561264822134387
3 0.6645833333333333 0.5464426877470355 0.04375 0.11264822134387352
3 0.8182291666666667 0.4990118577075099 0.021875 0.11462450592885376
3 0.4197916666666667 0.567193675889328 0.0234375 0.09486166007905138
3 0.26979166666666665 0.5464426877470355 0.021875 0.1007905138339921
3 0.515625 0.5662055335968379 0.025520833333333333 0.10573122529644269
3 0.325 0.5434782608695652 0.028125 0.12055335968379446
2 0.6161458333333333 0.37549407114624506 0.010416666666666666 0.01383399209486166
3 0.5130208333333334 0.1907114624505929 0.0078125 0.03162055335968379
3 0.60625 0.18675889328063242 0.0078125 0.03260869565217391
3 0.5463541666666667 0.18972332015810275 0.009375 0.030632411067193676
3 0.6234375 0.1857707509881423 0.0078125 0.030632411067193676
4 0.9010416666666666 0.25296442687747034 0.009375 0.05632411067193676
3 0.5869791666666667 0.18972332015810275 0.00625 0.029644268774703556
4 0.8932291666666666 0.2519762845849802 0.011458333333333333 0.05632411067193676
4 0.9713541666666666 0.31620553359683795 0.013020833333333334 0.06719367588932806
3 0.5598958333333334 0.18873517786561264 0.0078125 0.029644268774703556
4 0.9598958333333333 0.3102766798418972 0.016145833333333335 0.06818181818181818
4 0.9770833333333333 0.3221343873517787 0.013541666666666667 0.06620553359683795
3 0.5713541666666667 0.18873517786561264 0.009375 0.030632411067193676