3 0.5645833333333333 0.3231225296442688 0.015104166666666667 0.07608695652173914
3 0.7713541666666667 0.3774703557312253 0.016666666666666666 0.06620553359683795
3 0.803125 0.37648221343873517 0.0203125 0.06521739130434782
3 0.5942708333333333 0.3339920948616601 0.0234375 0.05928853754940711
3 0.7114583333333333 0.3339920948616601 0.013020833333333334 0.06818181818181818
3 0.14375 0.5286561264822134 0.020833333333333332 0.09189723320158102
3 0.7291666666666666 0.32707509881422925 0.017708333333333333 0.06521739130434782
3 0.3046875 0.43379446640316205 0.015625 0.08201581027667984
3 0.5125 0.3221343873517787 0.016666666666666666 0.04940711462450593
3 0.19322916666666667 0.4426877470355731 0.019270833333333334 0.07312252964426877
3 0.5270833333333333 0.3893280632411067 0.0171875 0.06719367588932806
3 0.3151041666666667 0.5009881422924901 0.019791666666666666 0.08695652173913043
3 0.296875 0.3181818181818182 0.0125 0.0533596837944664
3 0.5661458333333333 0.3824110671936759 0.013541666666666667 0.06126482213438735
4 0.9052083333333333 0.29545454545454547 0.008333333333333333 0.058300395256917
4 0.89375 0.2924901185770751 0.0125 0.06225296442687747
4 0.83125 0.2440711462450593 0.008854166666666666 0.05138339920948617
4 0.8390625 0.2450592885375494 0.009375 0.05039525691699605
4 0.9098958333333333 0.30039525691699603 0.0109375 0.05434782608695652
2 0.5713541666666667 0.2875494071146245 0.00625 0.008893280632411068