3 0.3302083333333333 0.5741106719367589 0.026041666666666668 0.08893280632411067
3 0.4078125 0.532608695652174 0.022916666666666665 0.1007905138339921
3 0.6671875 0.5335968379446641 0.022916666666666665 0.09387351778656126
3 0.5473958333333333 0.599802371541502 0.025 0.11067193675889328
3 0.459375 0.4733201581027668 0.0171875 0.0741106719367589
3 0.7708333333333334 0.5306324110671937 0.022395833333333334 0.11067193675889328
3 0.7427083333333333 0.5612648221343873 0.021875 0.11363636363636363
3 0.640625 0.2855731225296443 0.008854166666666666 0.046442687747035576
3 0.6114583333333333 0.24604743083003952 0.008854166666666666 0.043478260869565216
3 0.5854166666666667 0.27964426877470355 0.009375 0.04743083003952569
3 0.5208333333333334 0.2628458498023715 0.010416666666666666 0.039525691699604744
3 0.4583333333333333 0.274703557312253 0.009895833333333333 0.043478260869565216
3 0.48541666666666666 0.26383399209486164 0.008333333333333333 0.036561264822134384
3 0.46145833333333336 0.24604743083003952 0.008854166666666666 0.03162055335968379
2 0.675 0.5187747035573123 0.005729166666666666 0.011857707509881422