3 0.34322916666666664 0.49604743083003955 0.016666666666666666 0.07806324110671936
3 0.19739583333333333 0.45454545454545453 0.016666666666666666 0.07312252964426877
3 0.328125 0.40217391304347827 0.014583333333333334 0.06620553359683795
3 0.590625 0.4199604743083004 0.014583333333333334 0.0741106719367589
3 0.5619791666666667 0.3438735177865613 0.021875 0.05731225296442688
3 0.41510416666666666 0.3221343873517787 0.011458333333333333 0.05039525691699605
3 0.61875 0.41007905138339923 0.015625 0.07015810276679842
3 0.22864583333333333 0.40810276679841895 0.014583333333333334 0.06324110671936758
3 0.725 0.3557312252964427 0.0203125 0.06225296442687747
3 0.5838541666666667 0.3448616600790514 0.0140625 0.05731225296442688
3 0.3072916666666667 0.30237154150197626 0.009895833333333333 0.043478260869565216
3 0.9083333333333333 0.475296442687747 0.0265625 0.07707509881422925
3 0.9109375 0.5049407114624506 0.025520833333333333 0.08498023715415019
2 0.7322916666666667 0.35079051383399207 0.0026041666666666665 0.008893280632411068
3 0.721875 0.3606719367588933 0.0390625 0.06620553359683795
4 0.89375 0.31225296442687744 0.011458333333333333 0.06126482213438735
4 0.9072916666666667 0.31620553359683795 0.010416666666666666 0.05434782608695652
4 0.8411458333333334 0.2598814229249012 0.010416666666666666 0.05138339920948617
4 0.8322916666666667 0.25889328063241107 0.0109375 0.05138339920948617
4 0.9140625 0.3221343873517787 0.010416666666666666 0.05632411067193676