3 0.20364583333333333 0.567193675889328 0.025 0.08399209486166008
3 0.6572916666666667 0.717391304347826 0.026041666666666668 0.1482213438735178
3 0.10104166666666667 0.6472332015810277 0.026041666666666668 0.11067193675889328
3 0.7364583333333333 0.7816205533596838 0.042708333333333334 0.1373517786561265
3 0.04895833333333333 0.5899209486166008 0.029166666666666667 0.09090909090909091
3 0.2671875 0.5237154150197628 0.025 0.08992094861660078
3 0.0484375 0.642292490118577 0.03958333333333333 0.10968379446640317
3 0.06666666666666667 0.8488142292490118 0.03802083333333333 0.12055335968379446
3 0.546875 0.39920948616600793 0.016666666666666666 0.07509881422924901
3 0.2916666666666667 0.3675889328063241 0.013541666666666667 0.044466403162055336
3 0.7171875 0.941699604743083 0.03125 0.11462450592885376
3 0.6244791666666667 0.9693675889328063 0.04010416666666667 0.06126482213438735
2 0.29010416666666666 0.37351778656126483 0.00625 0.004940711462450593
0 0.8515625 0.35375494071146246 0.0046875 0.005928853754940711