3 0.16197916666666667 0.532608695652174 0.025 0.08596837944664032
3 0.425 0.39723320158102765 0.016666666666666666 0.058300395256917
3 0.27291666666666664 0.5691699604743083 0.025520833333333333 0.09189723320158102
3 0.640625 0.366600790513834 0.017708333333333333 0.06620553359683795
3 0.20729166666666668 0.4980237154150198 0.018229166666666668 0.0800395256916996
3 0.5744791666666667 0.4654150197628458 0.021875 0.06422924901185771
3 0.26979166666666665 0.49308300395256915 0.021875 0.08300395256916997
3 0.5171875 0.3695652173913043 0.018229166666666668 0.045454545454545456
3 0.6088541666666667 0.4792490118577075 0.024479166666666666 0.07114624505928854
3 0.6619791666666667 0.3438735177865613 0.015104166666666667 0.06324110671936758
3 0.2875 0.3883399209486166 0.0109375 0.058300395256917
3 0.46041666666666664 0.3824110671936759 0.01875 0.06324110671936758
3 0.48333333333333334 0.3725296442687747 0.01875 0.06324110671936758
3 0.5255208333333333 0.36561264822134387 0.0234375 0.05928853754940711