3 0.34375 0.4980237154150198 0.0203125 0.07905138339920949
3 0.19479166666666667 0.45553359683794464 0.016666666666666666 0.07312252964426877
3 0.7239583333333334 0.35276679841897235 0.021875 0.06620553359683795
3 0.5932291666666667 0.4288537549407115 0.016145833333333335 0.07509881422924901
3 0.228125 0.4090909090909091 0.016666666666666666 0.06324110671936758
3 0.41458333333333336 0.3221343873517787 0.011458333333333333 0.05138339920948617
3 0.5755208333333334 0.34189723320158105 0.022916666666666665 0.05928853754940711
3 0.32864583333333336 0.4061264822134387 0.014583333333333334 0.06818181818181818
3 0.6171875 0.41304347826086957 0.014583333333333334 0.07114624505928854
3 0.9197916666666667 0.4743083003952569 0.028645833333333332 0.08102766798418973
3 0.9036458333333334 0.49209486166007904 0.04114583333333333 0.07905138339920949
3 0.30625 0.30335968379446643 0.010416666666666666 0.044466403162055336
3 0.5901041666666667 0.35276679841897235 0.015625 0.05533596837944664
4 0.8932291666666666 0.31126482213438733 0.011979166666666667 0.06126482213438735
4 0.8333333333333334 0.25790513833992096 0.009375 0.04940711462450593
4 0.9067708333333333 0.31620553359683795 0.010416666666666666 0.058300395256917
4 0.8401041666666667 0.25889328063241107 0.008854166666666666 0.04940711462450593
4 0.9130208333333333 0.3201581027667984 0.009895833333333333 0.05632411067193676
3 0.7244791666666667 0.3606719367588933 0.03802083333333333 0.06521739130434782