3 0.7697916666666667 0.48023715415019763 0.034895833333333334 0.09387351778656126
3 0.2557291666666667 0.4762845849802372 0.019791666666666666 0.06818181818181818
3 0.0875 0.5573122529644269 0.027083333333333334 0.09189723320158102
3 0.5026041666666666 0.5296442687747036 0.026041666666666668 0.08102766798418973
3 0.14270833333333333 0.5039525691699605 0.016666666666666666 0.07707509881422925
3 0.24427083333333333 0.7035573122529645 0.030208333333333334 0.10869565217391304
3 0.8020833333333334 0.48023715415019763 0.018229166666666668 0.09782608695652174
3 0.5260416666666666 0.5019762845849802 0.0203125 0.07509881422924901
3 0.5536458333333333 0.3458498023715415 0.013541666666666667 0.058300395256917
3 0.5078125 0.33695652173913043 0.013020833333333334 0.06027667984189723
3 0.40989583333333335 0.366600790513834 0.013020833333333334 0.058300395256917
3 0.684375 0.42391304347826086 0.020833333333333332 0.07312252964426877
3 0.25885416666666666 0.34782608695652173 0.0125 0.05237154150197629
3 0.6671875 0.4258893280632411 0.014583333333333334 0.0691699604743083
4 0.91875 0.3142292490118577 0.0140625 0.06225296442687747
4 0.9296875 0.31719367588932806 0.0125 0.06620553359683795
2 0.80625 0.4743083003952569 0.007291666666666667 0.01383399209486166