3 0.9416666666666667 0.5810276679841897 0.0328125 0.0958498023715415
3 0.7671875 0.4881422924901186 0.01875 0.08498023715415019
3 0.19270833333333334 0.48221343873517786 0.019791666666666666 0.0958498023715415
3 0.45 0.35177865612648224 0.015104166666666667 0.06225296442687747
3 0.25729166666666664 0.44466403162055335 0.025520833333333333 0.08399209486166008
3 0.7744791666666667 0.6867588932806324 0.0328125 0.09980237154150198
3 0.5322916666666667 0.4841897233201581 0.021354166666666667 0.06521739130434782
3 0.5958333333333333 0.37549407114624506 0.0140625 0.058300395256917
3 0.48802083333333335 0.466403162055336 0.022395833333333334 0.06225296442687747
3 0.31302083333333336 0.41205533596837945 0.015104166666666667 0.06818181818181818
3 0.8677083333333333 0.508893280632411 0.020833333333333332 0.07608695652173914
3 0.49114583333333334 0.3339920948616601 0.011979166666666667 0.05928853754940711
3 0.32760416666666664 0.41106719367588934 0.014583333333333334 0.06620553359683795
3 0.753125 0.3567193675889328 0.013020833333333334 0.05237154150197629
4 0.05677083333333333 0.32707509881422925 0.016666666666666666 0.06620553359683795
4 0.0453125 0.3300395256916996 0.013541666666666667 0.06719367588932806
2 0.1890625 0.475296442687747 0.009375 0.012845849802371542