3 0.553125 0.37450592885375494 0.01875 0.06126482213438735
3 0.85625 0.5612648221343873 0.027083333333333334 0.08695652173913043
3 0.6020833333333333 0.3349802371541502 0.01875 0.0533596837944664
3 0.7114583333333333 0.4160079051383399 0.0171875 0.06126482213438735
3 0.96875 0.5553359683794467 0.023958333333333335 0.09288537549407115
3 0.8880208333333334 0.5138339920948617 0.018229166666666668 0.08992094861660078
3 0.4296875 0.3448616600790514 0.013020833333333334 0.06521739130434782
3 0.5807291666666666 0.37450592885375494 0.013541666666666667 0.05138339920948617
3 0.465625 0.34288537549407117 0.013541666666666667 0.05632411067193676
3 0.6348958333333333 0.33695652173913043 0.011979166666666667 0.04841897233201581
3 0.3885416666666667 0.4515810276679842 0.0203125 0.06225296442687747
3 0.8796875 0.42292490118577075 0.015104166666666667 0.06422924901185771
3 0.9411458333333333 0.5187747035573123 0.021354166666666667 0.07905138339920949
3 0.3671875 0.4515810276679842 0.0265625 0.06620553359683795