3 0.7770833333333333 0.43774703557312256 0.018229166666666668 0.12055335968379446
3 0.3692708333333333 0.532608695652174 0.03125 0.12549407114624506
3 0.23541666666666666 0.508893280632411 0.046875 0.1373517786561265
3 0.5036458333333333 0.5721343873517787 0.03125 0.1373517786561265
3 0.8958333333333334 0.44960474308300397 0.021354166666666667 0.1551383399209486
3 0.17916666666666667 0.5187747035573123 0.027083333333333334 0.11561264822134387
3 0.6083333333333333 0.1551383399209486 0.008333333333333333 0.037549407114624504
3 0.5864583333333333 0.1590909090909091 0.0078125 0.03260869565217391
4 0.9625 0.24703557312252963 0.018229166666666668 0.0691699604743083
3 0.6645833333333333 0.7272727272727273 0.0421875 0.22826086956521738
3 0.5489583333333333 0.1600790513833992 0.007291666666666667 0.03260869565217391
3 0.628125 0.15612648221343872 0.008854166666666666 0.03162055335968379
3 0.5296875 0.1600790513833992 0.0046875 0.03458498023715415
3 0.5723958333333333 0.15711462450592886 0.0078125 0.036561264822134384
4 0.9041666666666667 0.20454545454545456 0.009895833333333333 0.05632411067193676
2 0.6776041666666667 0.6047430830039525 0.0171875 0.03359683794466403
4 0.9755208333333333 0.2519762845849802 0.013020833333333334 0.06818181818181818
4 0.9822916666666667 0.25790513833992096 0.0125 0.06620553359683795
4 0.8953125 0.20355731225296442 0.0109375 0.05533596837944664
3 0.5635416666666667 0.15711462450592886 0.007291666666666667 0.037549407114624504