3 0.36875 0.4278656126482213 0.023958333333333335 0.0958498023715415
3 0.47708333333333336 0.3290513833992095 0.014583333333333334 0.06719367588932806
3 0.31145833333333334 0.40810276679841895 0.019791666666666666 0.08794466403162056
3 0.4791666666666667 0.38537549407114624 0.019270833333333334 0.08498023715415019
3 0.09635416666666667 0.4367588932806324 0.027083333333333334 0.11067193675889328
3 0.6786458333333333 0.3359683794466403 0.013020833333333334 0.06324110671936758
3 0.19479166666666667 0.3616600790513834 0.0203125 0.08498023715415019
3 0.890625 0.48320158102766797 0.0140625 0.08893280632411067
3 0.684375 0.45652173913043476 0.019791666666666666 0.08102766798418973
3 0.9708333333333333 0.5187747035573123 0.025520833333333333 0.10375494071146245
3 0.7484375 0.32707509881422925 0.0109375 0.058300395256917
3 0.9270833333333334 0.4792490118577075 0.021354166666666667 0.09090909090909091
3 0.6640625 0.5069169960474308 0.022916666666666665 0.11264822134387352
4 0.22552083333333334 0.25889328063241107 0.008333333333333333 0.0533596837944664
4 0.23645833333333333 0.25691699604743085 0.011979166666666667 0.06027667984189723
4 0.2869791666666667 0.2183794466403162 0.008854166666666666 0.04743083003952569
4 0.2947916666666667 0.21739130434782608 0.009895833333333333 0.045454545454545456
4 0.22291666666666668 0.26383399209486164 0.008333333333333333 0.0533596837944664
0 0.07760416666666667 0.4308300395256917 0.0067708333333333336 0.00691699604743083
3 0.8802083333333334 0.5197628458498024 0.0328125 0.09683794466403162