3 0.378125 0.43478260869565216 0.027604166666666666 0.09387351778656126
3 0.5322916666666667 0.33300395256917 0.022916666666666665 0.07608695652173914
3 0.2140625 0.5029644268774703 0.03697916666666667 0.1373517786561265
3 0.7901041666666667 0.4367588932806324 0.0234375 0.08102766798418973
3 0.45729166666666665 0.35968379446640314 0.016145833333333335 0.07608695652173914
3 0.7109375 0.33992094861660077 0.016666666666666666 0.06126482213438735
3 0.440625 0.4278656126482213 0.021354166666666667 0.09189723320158102
3 0.17395833333333333 0.4782608695652174 0.026041666666666668 0.09486166007905138
3 0.7427083333333333 0.4288537549407115 0.0171875 0.07707509881422925
3 0.7817708333333333 0.3191699604743083 0.013541666666666667 0.058300395256917
3 0.9645833333333333 0.45948616600790515 0.01875 0.08695652173913043
3 0.9526041666666667 0.4772727272727273 0.0234375 0.09189723320158102
3 0.9328125 0.5454545454545454 0.022916666666666665 0.10276679841897234
4 0.23802083333333332 0.25592885375494073 0.009895833333333333 0.06126482213438735
4 0.22604166666666667 0.25691699604743085 0.0067708333333333336 0.05237154150197629
4 0.2869791666666667 0.21739130434782608 0.009375 0.04743083003952569
4 0.2942708333333333 0.21442687747035574 0.010416666666666666 0.04841897233201581
4 0.22239583333333332 0.2608695652173913 0.0078125 0.05138339920948617
2 0.15989583333333332 0.49110671936758893 0.009375 0.018774703557312252
0 0.07760416666666667 0.4298418972332016 0.007291666666666667 0.007905138339920948