3 0.3078125 0.4051383399209486 0.025520833333333333 0.05632411067193676
3 0.16458333333333333 0.5503952569169961 0.025 0.08498023715415019
3 0.040625 0.5464426877470355 0.0234375 0.09288537549407115
3 0.5729166666666666 0.3547430830039526 0.0171875 0.058300395256917
3 0.54375 0.3567193675889328 0.015104166666666667 0.058300395256917
3 0.13958333333333334 0.5009881422924901 0.0203125 0.08695652173913043
3 0.5421875 0.4505928853754941 0.016145833333333335 0.06422924901185771
3 0.4088541666666667 0.36561264822134387 0.017708333333333333 0.05434782608695652
3 0.37604166666666666 0.34782608695652173 0.0140625 0.0533596837944664
3 0.42239583333333336 0.36561264822134387 0.016666666666666666 0.05434782608695652
3 0.3625 0.3557312252964427 0.013541666666666667 0.06126482213438735
3 0.153125 0.4041501976284585 0.0109375 0.06126482213438735
3 0.07864583333333333 0.5108695652173914 0.01875 0.08201581027667984
2 0.4036458333333333 0.3468379446640316 0.0036458333333333334 0.012845849802371542
3 0.5515625 0.45553359683794464 0.021875 0.07015810276679842