3 0.8010416666666667 0.35968379446640314 0.022395833333333334 0.08399209486166008
3 0.5255208333333333 0.3349802371541502 0.021875 0.07509881422924901
3 0.34270833333333334 0.5098814229249012 0.026041666666666668 0.11166007905138339
3 0.04114583333333333 0.5177865612648221 0.035416666666666666 0.10276679841897234
3 0.51875 0.38636363636363635 0.0203125 0.0800395256916996
3 0.3255208333333333 0.3349802371541502 0.015625 0.05928853754940711
3 0.25625 0.3290513833992095 0.0140625 0.05731225296442688
3 0.321875 0.45849802371541504 0.020833333333333332 0.08102766798418973
3 0.9057291666666667 0.4318181818181818 0.029166666666666667 0.116600790513834
3 0.6286458333333333 0.4258893280632411 0.019791666666666666 0.09486166007905138
3 0.6822916666666666 0.4041501976284585 0.014583333333333334 0.08498023715415019
3 0.12239583333333333 0.4901185770750988 0.028125 0.10276679841897234
3 0.084375 0.4792490118577075 0.03125 0.08695652173913043
4 0.7739583333333333 0.25889328063241107 0.0067708333333333336 0.0533596837944664
4 0.7635416666666667 0.25691699604743085 0.013020833333333334 0.05928853754940711
4 0.7125 0.2183794466403162 0.008854166666666666 0.04841897233201581
4 0.7057291666666666 0.21739130434782608 0.011458333333333333 0.04940711462450593
0 0.9223958333333333 0.4308300395256917 0.00625 0.007905138339920948
4 0.7776041666666667 0.2628458498023715 0.0078125 0.05039525691699605
3 0.125 0.5138339920948617 0.022916666666666665 0.09387351778656126
2 0.8119791666666667 0.3231225296442688 0.007291666666666667 0.005928853754940711