3 0.23020833333333332 0.48023715415019763 0.034895833333333334 0.09387351778656126
3 0.7442708333333333 0.4762845849802372 0.019791666666666666 0.06818181818181818
3 0.9125 0.5573122529644269 0.027083333333333334 0.09189723320158102
3 0.4973958333333333 0.5296442687747036 0.026041666666666668 0.08102766798418973
3 0.8572916666666667 0.5039525691699605 0.016666666666666666 0.07707509881422925
3 0.7557291666666667 0.7035573122529645 0.030208333333333334 0.10869565217391304
3 0.19791666666666666 0.48023715415019763 0.018229166666666668 0.09782608695652174
3 0.4739583333333333 0.5019762845849802 0.0203125 0.07509881422924901
3 0.44635416666666666 0.3458498023715415 0.013541666666666667 0.058300395256917
3 0.4921875 0.33695652173913043 0.013020833333333334 0.06027667984189723
3 0.5901041666666667 0.366600790513834 0.013020833333333334 0.058300395256917
3 0.315625 0.42391304347826086 0.020833333333333332 0.07312252964426877
3 0.7411458333333333 0.34782608695652173 0.0125 0.05237154150197629
3 0.3328125 0.4258893280632411 0.014583333333333334 0.0691699604743083
4 0.08125 0.3142292490118577 0.0140625 0.06225296442687747
4 0.0703125 0.31719367588932806 0.0125 0.06620553359683795
2 0.19375 0.4743083003952569 0.007291666666666667 0.01383399209486166