3 0.10416666666666667 0.45948616600790515 0.019791666666666666 0.1373517786561265
3 0.63125 0.532608695652174 0.030729166666666665 0.12450592885375494
3 0.22447916666666667 0.4397233201581028 0.022916666666666665 0.11857707509881422
3 0.7619791666666667 0.5098814229249012 0.041666666666666664 0.13932806324110672
3 0.496875 0.5731225296442688 0.0296875 0.13636363636363635
3 0.8208333333333333 0.5197628458498024 0.027083333333333334 0.116600790513834
3 0.34322916666666664 0.7282608695652174 0.042708333333333334 0.22233201581027667
3 0.39166666666666666 0.15612648221343872 0.008854166666666666 0.037549407114624504
3 0.4515625 0.16106719367588934 0.0078125 0.03162055335968379
3 0.41354166666666664 0.1590909090909091 0.008333333333333333 0.03162055335968379
3 0.3734375 0.15711462450592886 0.008854166666666666 0.03359683794466403
3 0.47291666666666665 0.16106719367588934 0.007291666666666667 0.03260869565217391
2 0.32760416666666664 0.5978260869565217 0.019791666666666666 0.036561264822134384
4 0.09635416666666667 0.20553359683794467 0.009375 0.05632411067193676
3 0.43697916666666664 0.15810276679841898 0.0067708333333333336 0.03458498023715415
4 0.036458333333333336 0.24802371541501977 0.017708333333333333 0.07015810276679842
3 0.428125 0.15810276679841898 0.008854166666666666 0.03557312252964427
4 0.1046875 0.20454545454545456 0.011458333333333333 0.05533596837944664
4 0.025 0.25296442687747034 0.013541666666666667 0.06620553359683795
4 0.01875 0.25889328063241107 0.013020833333333334 0.06719367588932806