3 0.3770833333333333 0.4298418972332016 0.022395833333333334 0.09387351778656126
3 0.30104166666666665 0.41304347826086957 0.025520833333333333 0.09090909090909091
3 0.1765625 0.37648221343873517 0.022395833333333334 0.08498023715415019
3 0.9854166666666667 0.5227272727272727 0.029166666666666667 0.10177865612648221
3 0.1078125 0.44960474308300397 0.0296875 0.116600790513834
3 0.4864583333333333 0.33201581027667987 0.014583333333333334 0.07312252964426877
3 0.4708333333333333 0.3804347826086957 0.01875 0.08300395256916997
3 0.6854166666666667 0.33695652173913043 0.014583333333333334 0.06225296442687747
3 0.7578125 0.32707509881422925 0.011979166666666667 0.058300395256917
3 0.9083333333333333 0.4950592885375494 0.021354166666666667 0.09980237154150198
3 0.8947916666666667 0.525691699604743 0.025520833333333333 0.09881422924901186
3 0.9369791666666667 0.4772727272727273 0.025520833333333333 0.08893280632411067
3 0.7020833333333333 0.45454545454545453 0.014583333333333334 0.0800395256916996
3 0.69375 0.5 0.021354166666666667 0.10573122529644269
4 0.22604166666666667 0.25889328063241107 0.0078125 0.0533596837944664
4 0.23541666666666666 0.25691699604743085 0.011979166666666667 0.06126482213438735
4 0.2947916666666667 0.21739130434782608 0.008854166666666666 0.04743083003952569
4 0.2869791666666667 0.2183794466403162 0.0078125 0.04743083003952569
4 0.221875 0.2628458498023715 0.008854166666666666 0.0533596837944664
0 0.07708333333333334 0.4298418972332016 0.007291666666666667 0.008893280632411068