3 0.5291666666666667 0.33695652173913043 0.016666666666666666 0.07509881422924901
3 0.32916666666666666 0.3349802371541502 0.016666666666666666 0.05731225296442688
3 0.33125 0.45849802371541504 0.020833333333333332 0.08102766798418973
3 0.6770833333333334 0.4031620553359684 0.0203125 0.08596837944664032
3 0.7885416666666667 0.3547430830039526 0.017708333333333333 0.08300395256916997
3 0.5177083333333333 0.38636363636363635 0.01875 0.08201581027667984
3 0.6265625 0.42292490118577075 0.020833333333333332 0.09189723320158102
3 0.3572916666666667 0.5079051383399209 0.025520833333333333 0.11264822134387352
3 0.050520833333333334 0.5108695652173914 0.024479166666666666 0.09980237154150198
3 0.9067708333333333 0.4268774703557312 0.0328125 0.11067193675889328
3 0.08802083333333334 0.4792490118577075 0.027083333333333334 0.08893280632411067
3 0.2604166666666667 0.3290513833992095 0.0109375 0.05928853754940711
3 0.13072916666666667 0.46936758893280633 0.016666666666666666 0.0800395256916996
3 0.13489583333333333 0.5138339920948617 0.030208333333333334 0.08992094861660078
4 0.7734375 0.25889328063241107 0.007291666666666667 0.05237154150197629
4 0.7630208333333334 0.25691699604743085 0.013020833333333334 0.058300395256917
4 0.7052083333333333 0.21739130434782608 0.009375 0.04743083003952569
0 0.9223958333333333 0.4308300395256917 0.00625 0.007905138339920948
4 0.7125 0.21936758893280633 0.008333333333333333 0.04841897233201581
4 0.7770833333333333 0.2628458498023715 0.008333333333333333 0.05237154150197629