3 0.24322916666666666 0.5355731225296443 0.025 0.11561264822134387
3 0.33541666666666664 0.5464426877470355 0.04375 0.11264822134387352
3 0.18177083333333333 0.4990118577075099 0.021875 0.11462450592885376
3 0.5802083333333333 0.567193675889328 0.0234375 0.09486166007905138
3 0.7302083333333333 0.5464426877470355 0.021875 0.1007905138339921
3 0.484375 0.5662055335968379 0.025520833333333333 0.10573122529644269
3 0.675 0.5434782608695652 0.028125 0.12055335968379446
2 0.38385416666666666 0.37549407114624506 0.010416666666666666 0.01383399209486166
3 0.4869791666666667 0.1907114624505929 0.0078125 0.03162055335968379
3 0.39375 0.18675889328063242 0.0078125 0.03260869565217391
3 0.45364583333333336 0.18972332015810275 0.009375 0.030632411067193676
3 0.3765625 0.1857707509881423 0.0078125 0.030632411067193676
4 0.09895833333333333 0.25296442687747034 0.009375 0.05632411067193676
3 0.41302083333333334 0.18972332015810275 0.00625 0.029644268774703556
4 0.10677083333333333 0.2519762845849802 0.011458333333333333 0.05632411067193676
4 0.028645833333333332 0.31620553359683795 0.013020833333333334 0.06719367588932806
3 0.4401041666666667 0.18873517786561264 0.0078125 0.029644268774703556
4 0.04010416666666667 0.3102766798418972 0.016145833333333335 0.06818181818181818
4 0.022916666666666665 0.3221343873517787 0.013541666666666667 0.06620553359683795
3 0.42864583333333334 0.18873517786561264 0.009375 0.030632411067193676