3 0.3333333333333333 0.6017786561264822 0.05260416666666667 0.12845849802371542
3 0.3765625 0.4634387351778656 0.03802083333333333 0.10573122529644269
3 0.8453125 0.48320158102766797 0.0265625 0.09782608695652174
3 0.4625 0.358695652173913 0.025520833333333333 0.06818181818181818
3 0.6125 0.29446640316205536 0.013020833333333334 0.05434782608695652
3 0.5979166666666667 0.3339920948616601 0.0171875 0.06027667984189723
3 0.5869791666666667 0.34980237154150196 0.017708333333333333 0.06620553359683795
3 0.5635416666666667 0.3675889328063241 0.019791666666666666 0.06422924901185771
3 0.39895833333333336 0.3211462450592885 0.0203125 0.0800395256916996
3 0.75 0.39624505928853754 0.0171875 0.07114624505928854
3 0.73125 0.4051383399209486 0.022395833333333334 0.08300395256916997
3 0.746875 0.4851778656126482 0.023958333333333335 0.09090909090909091
3 0.596875 0.4575098814229249 0.024479166666666666 0.08102766798418973
3 0.5666666666666667 0.4723320158102767 0.04375 0.08399209486166008
2 0.4078125 0.2826086956521739 0.007291666666666667 0.00691699604743083
4 0.0390625 0.26877470355731226 0.015104166666666667 0.06521739130434782
4 0.096875 0.22529644268774704 0.009895833333333333 0.05039525691699605
4 0.026041666666666668 0.2727272727272727 0.009375 0.06126482213438735
4 0.10520833333333333 0.22332015810276679 0.013020833333333334 0.05138339920948617
4 0.021875 0.2766798418972332 0.011979166666666667 0.05731225296442688