3 0.5072916666666667 0.3191699604743083 0.0125 0.05632411067193676
3 0.5145833333333333 0.3468379446640316 0.013020833333333334 0.058300395256917
3 0.24427083333333333 0.6116600790513834 0.0234375 0.09980237154150198
3 0.7255208333333333 0.43873517786561267 0.025 0.07114624505928854
3 0.7489583333333333 0.43379446640316205 0.021875 0.06818181818181818
3 0.6973958333333333 0.35375494071146246 0.017708333333333333 0.05731225296442688
3 0.20208333333333334 0.4871541501976285 0.01875 0.08201581027667984
3 0.7723958333333333 0.3606719367588933 0.019270833333333334 0.06422924901185771
3 0.40625 0.36561264822134387 0.013020833333333334 0.05533596837944664
3 0.24375 0.35276679841897235 0.011979166666666667 0.05138339920948617
3 0.03802083333333333 0.5632411067193676 0.022395833333333334 0.09486166007905138
3 0.6520833333333333 0.3774703557312253 0.022916666666666665 0.05731225296442688
3 0.12395833333333334 0.49308300395256915 0.018229166666666668 0.07905138339920949
4 0.9677083333333333 0.33794466403162055 0.016145833333333335 0.07015810276679842
4 0.9802083333333333 0.34288537549407117 0.0140625 0.07213438735177866
3 0.65 0.3824110671936759 0.034895833333333334 0.06027667984189723