3 0.6760416666666667 0.33893280632411066 0.0140625 0.05928853754940711
3 0.2557291666666667 0.5978260869565217 0.0234375 0.09387351778656126
3 0.2046875 0.48122529644268774 0.0171875 0.08399209486166008
3 0.6635416666666667 0.37351778656126483 0.019791666666666666 0.05928853754940711
3 0.04479166666666667 0.5543478260869565 0.025520833333333333 0.09090909090909091
3 0.734375 0.33992094861660077 0.019791666666666666 0.05928853754940711
3 0.8145833333333333 0.4268774703557312 0.027083333333333334 0.06620553359683795
3 0.5171875 0.34288537549407117 0.0140625 0.05928853754940711
3 0.40677083333333336 0.3606719367588933 0.015104166666666667 0.05237154150197629
3 0.7890625 0.4189723320158103 0.019791666666666666 0.06422924901185771
3 0.49583333333333335 0.3191699604743083 0.009375 0.058300395256917
3 0.13489583333333333 0.4841897233201581 0.01875 0.0741106719367589
3 0.2421875 0.34980237154150196 0.0125 0.05039525691699605
4 0.9692708333333333 0.34189723320158105 0.016666666666666666 0.07015810276679842
4 0.9822916666666667 0.3448616600790514 0.013541666666666667 0.07312252964426877
3 0.6671875 0.3883399209486166 0.0234375 0.06422924901185771