3 0.23020833333333332 0.6403162055335968 0.027604166666666666 0.10474308300395258
3 0.6328125 0.4367588932806324 0.022916666666666665 0.0691699604743083
3 0.03229166666666667 0.5790513833992095 0.027083333333333334 0.09486166007905138
3 0.20364583333333333 0.5 0.020833333333333332 0.08893280632411067
3 0.5791666666666667 0.4367588932806324 0.021875 0.06225296442687747
3 0.4015625 0.3725296442687747 0.0140625 0.05731225296442688
3 0.5276041666666667 0.34980237154150196 0.0140625 0.06324110671936758
3 0.6520833333333333 0.3814229249011858 0.017708333333333333 0.05928853754940711
3 0.815625 0.40810276679841895 0.022916666666666665 0.07707509881422925
3 0.5119791666666667 0.3231225296442688 0.013541666666666667 0.06027667984189723
3 0.7036458333333333 0.38735177865612647 0.014583333333333334 0.07312252964426877
3 0.11927083333333334 0.49604743083003955 0.021354166666666667 0.07806324110671936
2 0.7296875 0.36363636363636365 0.008854166666666666 0.007905138339920948
3 0.24375 0.3567193675889328 0.013541666666666667 0.0533596837944664
4 0.9651041666666667 0.3359683794466403 0.015625 0.06818181818181818
4 0.9770833333333333 0.33992094861660077 0.0140625 0.07213438735177866
3 0.671875 0.3814229249011858 0.015104166666666667 0.05632411067193676