3 0.7635416666666667 0.5563241106719368 0.025520833333333333 0.08596837944664032
3 0.6119791666666666 0.39624505928853754 0.018229166666666668 0.05632411067193676
3 0.8791666666666667 0.532608695652174 0.020833333333333332 0.08498023715415019
3 0.7583333333333333 0.3932806324110672 0.0140625 0.06126482213438735
3 0.44114583333333335 0.4614624505928854 0.0234375 0.07015810276679842
3 0.7770833333333333 0.49407114624505927 0.0203125 0.08300395256916997
3 0.37083333333333335 0.3468379446640316 0.015625 0.058300395256917
3 0.8354166666666667 0.4990118577075099 0.021354166666666667 0.07905138339920949
3 0.3921875 0.3616600790513834 0.013541666666666667 0.06620553359683795
3 0.42135416666666664 0.4743083003952569 0.0203125 0.0691699604743083
3 0.5489583333333333 0.36363636363636365 0.01875 0.06126482213438735
3 0.5203125 0.36363636363636365 0.0171875 0.05928853754940711
3 0.571875 0.3725296442687747 0.013541666666666667 0.06225296442687747
3 0.2515625 0.14130434782608695 0.009375 0.017786561264822136
3 0.5182291666666666 0.3695652173913043 0.0328125 0.04940711462450593