3 0.8135416666666667 0.5 0.019270833333333334 0.08498023715415019
3 0.9817708333333334 0.5800395256916996 0.0265625 0.09683794466403162
3 0.33177083333333335 0.4515810276679842 0.014583333333333334 0.07509881422924901
3 0.7411458333333333 0.6195652173913043 0.030208333333333334 0.09881422924901186
3 0.33697916666666666 0.34189723320158105 0.015625 0.04940711462450593
3 0.22447916666666667 0.39822134387351776 0.014583333333333334 0.06620553359683795
3 0.5270833333333333 0.3547430830039526 0.0140625 0.06324110671936758
3 0.4421875 0.37549407114624506 0.015625 0.06225296442687747
3 0.6125 0.3695652173913043 0.011979166666666667 0.05731225296442688
3 0.35104166666666664 0.3448616600790514 0.024479166666666666 0.05632411067193676
3 0.26666666666666666 0.42193675889328064 0.015104166666666667 0.06818181818181818
3 0.8854166666666666 0.4990118577075099 0.019270833333333334 0.07806324110671936
3 0.7859375 0.366600790513834 0.011458333333333333 0.05632411067193676
3 0.15416666666666667 0.3952569169960474 0.0171875 0.0741106719367589
4 0.005208333333333333 0.36363636363636365 0.009375 0.07509881422924901
2 0.3223958333333333 0.35177865612648224 0.007291666666666667 0.005928853754940711