3 0.26979166666666665 0.4980237154150198 0.036458333333333336 0.08498023715415019
3 0.253125 0.38537549407114624 0.015104166666666667 0.06225296442687747
3 0.6557291666666667 0.3893280632411067 0.016145833333333335 0.05928853754940711
3 0.8302083333333333 0.5177865612648221 0.020833333333333332 0.08992094861660078
3 0.4864583333333333 0.391304347826087 0.019791666666666666 0.07509881422924901
3 0.3880208333333333 0.4901185770750988 0.023958333333333335 0.07312252964426877
3 0.36302083333333335 0.41304347826086957 0.022916666666666665 0.07015810276679842
3 0.18697916666666667 0.3814229249011858 0.016145833333333335 0.06422924901185771
3 0.34322916666666664 0.3577075098814229 0.021354166666666667 0.05928853754940711
3 0.353125 0.3606719367588933 0.026041666666666668 0.06324110671936758
3 0.7614583333333333 0.6650197628458498 0.028125 0.10869565217391304
3 0.9098958333333333 0.516798418972332 0.019791666666666666 0.08201581027667984
3 0.815625 0.38537549407114624 0.013541666666666667 0.05731225296442688
3 0.022916666666666665 0.441699604743083 0.0109375 0.0266798418972332