3 0.2 0.44960474308300397 0.019270833333333334 0.07509881422924901
3 0.14375 0.532608695652174 0.0203125 0.09090909090909091
3 0.5244791666666667 0.3893280632411067 0.0171875 0.0691699604743083
3 0.2984375 0.3211462450592885 0.0125 0.05138339920948617
3 0.6052083333333333 0.3349802371541502 0.014583333333333334 0.05928853754940711
3 0.5723958333333333 0.33300395256917 0.0203125 0.05928853754940711
3 0.5052083333333334 0.32707509881422925 0.016145833333333335 0.04841897233201581
3 0.7098958333333333 0.33695652173913043 0.014583333333333334 0.06719367588932806
3 0.725 0.33201581027667987 0.0140625 0.06620553359683795
3 0.5692708333333333 0.38636363636363635 0.011979166666666667 0.058300395256917
3 0.8104166666666667 0.3893280632411067 0.01875 0.06324110671936758
3 0.3078125 0.4367588932806324 0.019791666666666666 0.07905138339920949
3 0.31979166666666664 0.5059288537549407 0.018229166666666668 0.08300395256916997
3 0.7640625 0.38735177865612647 0.0171875 0.06521739130434782
2 0.5963541666666666 0.2717391304347826 0.005729166666666666 0.007905138339920948
4 0.9046875 0.30138339920948615 0.009375 0.05533596837944664
4 0.89375 0.2974308300395257 0.0125 0.06126482213438735
4 0.8302083333333333 0.24802371541501977 0.009895833333333333 0.04841897233201581
4 0.8385416666666666 0.2490118577075099 0.0078125 0.04940711462450593
4 0.9088541666666666 0.3073122529644269 0.0109375 0.05533596837944664