3 0.22291666666666668 0.43774703557312256 0.018229166666666668 0.12055335968379446
3 0.6307291666666667 0.532608695652174 0.03125 0.12549407114624506
3 0.7645833333333333 0.508893280632411 0.046875 0.1373517786561265
3 0.49635416666666665 0.5721343873517787 0.03125 0.1373517786561265
3 0.10416666666666667 0.44960474308300397 0.021354166666666667 0.1551383399209486
3 0.8208333333333333 0.5187747035573123 0.027083333333333334 0.11561264822134387
3 0.39166666666666666 0.1551383399209486 0.008333333333333333 0.037549407114624504
3 0.41354166666666664 0.1590909090909091 0.0078125 0.03260869565217391
4 0.0375 0.24703557312252963 0.018229166666666668 0.0691699604743083
3 0.33541666666666664 0.7272727272727273 0.0421875 0.22826086956521738
3 0.4510416666666667 0.1600790513833992 0.007291666666666667 0.03260869565217391
3 0.371875 0.15612648221343872 0.008854166666666666 0.03162055335968379
3 0.4703125 0.1600790513833992 0.0046875 0.03458498023715415
3 0.4276041666666667 0.15711462450592886 0.0078125 0.036561264822134384
4 0.09583333333333334 0.20454545454545456 0.009895833333333333 0.05632411067193676
2 0.3223958333333333 0.6047430830039525 0.0171875 0.03359683794466403
4 0.024479166666666666 0.2519762845849802 0.013020833333333334 0.06818181818181818
4 0.017708333333333333 0.25790513833992096 0.0125 0.06620553359683795
4 0.1046875 0.20355731225296442 0.0109375 0.05533596837944664
3 0.43645833333333334 0.15711462450592886 0.007291666666666667 0.037549407114624504