3 0.18958333333333333 0.43873517786561267 0.027604166666666666 0.07608695652173914
3 0.821875 0.4841897233201581 0.018229166666666668 0.07707509881422925
3 0.2546875 0.42391304347826086 0.016145833333333335 0.07509881422924901
3 0.6807291666666667 0.4258893280632411 0.019791666666666666 0.07707509881422925
3 0.7791666666666667 0.4278656126482213 0.015625 0.06620553359683795
3 0.6635416666666667 0.5049407114624506 0.018229166666666668 0.08102766798418973
3 0.5807291666666666 0.3339920948616601 0.0125 0.05039525691699605
3 0.37083333333333335 0.3349802371541502 0.020833333333333332 0.05039525691699605
3 0.28125 0.34881422924901184 0.013020833333333334 0.06521739130434782
3 0.3234375 0.33794466403162055 0.015625 0.04940711462450593
3 0.6947916666666667 0.31225296442687744 0.011979166666666667 0.04743083003952569
3 0.2953125 0.3547430830039526 0.027604166666666666 0.06719367588932806
3 0.3703125 0.43478260869565216 0.013020833333333334 0.04841897233201581
3 0.371875 0.4723320158102767 0.017708333333333333 0.08399209486166008
4 0.16770833333333332 0.25592885375494073 0.009375 0.04841897233201581
4 0.10416666666666667 0.3092885375494071 0.0125 0.05928853754940711
4 0.09270833333333334 0.3132411067193676 0.0109375 0.05731225296442688
4 0.15989583333333332 0.25790513833992096 0.008333333333333333 0.05039525691699605
4 0.08645833333333333 0.3191699604743083 0.009895833333333333 0.05632411067193676