3 0.21614583333333334 0.4525691699604743 0.0265625 0.08498023715415019
3 0.21197916666666666 0.45652173913043476 0.0375 0.09090909090909091
3 0.884375 0.5316205533596838 0.0203125 0.08596837944664032
3 0.7307291666666667 0.6778656126482213 0.022916666666666665 0.11264822134387352
3 0.5895833333333333 0.3567193675889328 0.013541666666666667 0.05632411067193676
3 0.4119791666666667 0.5247035573122529 0.027604166666666666 0.08498023715415019
3 0.4192708333333333 0.5474308300395256 0.035416666666666666 0.09288537549407115
3 0.7432291666666667 0.4673913043478261 0.015104166666666667 0.07213438735177866
3 0.7296875 0.33794466403162055 0.0125 0.05138339920948617
3 0.44947916666666665 0.34288537549407117 0.0125 0.05434782608695652
3 0.32916666666666666 0.4268774703557312 0.015625 0.0691699604743083
3 0.34479166666666666 0.4318181818181818 0.013541666666666667 0.07905138339920949
3 0.8390625 0.4871541501976285 0.017708333333333333 0.07707509881422925
3 0.48854166666666665 0.33992094861660077 0.0140625 0.06126482213438735
2 0.20625 0.44762845849802374 0.0067708333333333336 0.01383399209486166
4 0.10260416666666666 0.30335968379446643 0.011979166666666667 0.05928853754940711
4 0.005208333333333333 0.39031620553359686 0.009895833333333333 0.06521739130434782
4 0.09322916666666667 0.30434782608695654 0.011458333333333333 0.06126482213438735