3 0.6161458333333333 0.5098814229249012 0.0390625 0.11166007905138339
3 0.7197916666666667 0.6393280632411067 0.043229166666666666 0.14525691699604742
3 0.49895833333333334 0.45849802371541504 0.044270833333333336 0.08498023715415019
3 0.4234375 0.4634387351778656 0.03958333333333333 0.0800395256916996
3 0.41770833333333335 0.37351778656126483 0.021354166666666667 0.06818181818181818
3 0.5859375 0.3310276679841897 0.0234375 0.06818181818181818
3 0.55625 0.3547430830039526 0.025 0.06620553359683795
3 0.353125 0.36363636363636365 0.0234375 0.06027667984189723
3 0.21354166666666666 0.49703557312252966 0.023958333333333335 0.09387351778656126
3 0.1109375 0.4950592885375494 0.018229166666666668 0.10177865612648221
3 0.3854166666666667 0.33201581027667987 0.013541666666666667 0.06027667984189723
3 0.35520833333333335 0.2994071146245059 0.013020833333333334 0.05237154150197629
3 0.21822916666666667 0.4199604743083004 0.020833333333333332 0.08498023715415019
3 0.20416666666666666 0.40810276679841895 0.018229166666666668 0.07707509881422925
4 0.8635416666666667 0.22233201581027667 0.010416666666666666 0.05237154150197629
4 0.93125 0.26679841897233203 0.008333333333333333 0.05434782608695652
4 0.85625 0.22134387351778656 0.0109375 0.05138339920948617
4 0.9192708333333334 0.26383399209486164 0.014583333333333334 0.06126482213438735
4 0.9354166666666667 0.2727272727272727 0.010416666666666666 0.058300395256917
2 0.5953125 0.3191699604743083 0.005729166666666666 0.008893280632411068