3 0.3 0.41106719367588934 0.025520833333333333 0.07114624505928854
3 0.665625 0.5069169960474308 0.016666666666666666 0.08102766798418973
3 0.32916666666666666 0.34288537549407117 0.017708333333333333 0.05237154150197629
3 0.7802083333333333 0.4308300395256917 0.015625 0.06521739130434782
3 0.8270833333333333 0.49209486166007904 0.0171875 0.07905138339920949
3 0.2375 0.4268774703557312 0.015104166666666667 0.07312252964426877
3 0.578125 0.3349802371541502 0.011979166666666667 0.04841897233201581
3 0.6875 0.4288537549407115 0.0125 0.07608695652173914
3 0.38229166666666664 0.34288537549407117 0.016666666666666666 0.058300395256917
3 0.2765625 0.34881422924901184 0.015104166666666667 0.06620553359683795
3 0.6958333333333333 0.31521739130434784 0.013541666666666667 0.04841897233201581
3 0.3640625 0.4624505928853755 0.017708333333333333 0.08399209486166008
3 0.2875 0.35177865612648224 0.025 0.0691699604743083
3 0.35260416666666666 0.4891304347826087 0.03229166666666667 0.07509881422924901
4 0.16041666666666668 0.25691699604743085 0.011458333333333333 0.05039525691699605
4 0.10364583333333334 0.3092885375494071 0.013020833333333334 0.06027667984189723
4 0.0921875 0.3142292490118577 0.0109375 0.05632411067193676
4 0.1671875 0.25592885375494073 0.009375 0.04841897233201581
4 0.08697916666666666 0.3181818181818182 0.0109375 0.05632411067193676