3 0.6645833333333333 0.5691699604743083 0.0203125 0.10276679841897234
3 0.353125 0.3409090909090909 0.0203125 0.05138339920948617
3 0.884375 0.6037549407114624 0.027604166666666666 0.10276679841897234
3 0.8109375 0.8162055335968379 0.0453125 0.11561264822134387
3 0.2989583333333333 0.6175889328063241 0.0265625 0.11363636363636363
3 0.59375 0.3715415019762846 0.019791666666666666 0.0691699604743083
3 0.7083333333333334 0.8132411067193676 0.030729166666666665 0.12944664031620554
3 0.7739583333333333 0.8567193675889329 0.03229166666666667 0.18280632411067194
3 0.23177083333333334 0.5049407114624506 0.029166666666666667 0.08498023715415019
3 0.3151041666666667 0.4841897233201581 0.026041666666666668 0.06818181818181818
3 0.246875 0.8942687747035574 0.0375 0.1422924901185771
3 0.29583333333333334 0.5503952569169961 0.020833333333333332 0.07806324110671936
3 0.24166666666666667 0.475296442687747 0.0203125 0.0691699604743083
2 0.3229166666666667 0.3577075098814229 0.005729166666666666 0.007905138339920948