3 0.709375 0.30434782608695654 0.011979166666666667 0.05138339920948617
3 0.2989583333333333 0.3221343873517787 0.0203125 0.07015810276679842
3 0.5098958333333333 0.308300395256917 0.019791666666666666 0.05138339920948617
3 0.4546875 0.3102766798418972 0.015104166666666667 0.06521739130434782
3 0.4473958333333333 0.31620553359683795 0.017708333333333333 0.06422924901185771
3 0.2557291666666667 0.31620553359683795 0.011979166666666667 0.06620553359683795
3 0.24270833333333333 0.3557312252964427 0.0203125 0.06521739130434782
3 0.22760416666666666 0.36462450592885376 0.0203125 0.06126482213438735
3 0.828125 0.43379446640316205 0.019270833333333334 0.07608695652173914
3 0.40625 0.37648221343873517 0.017708333333333333 0.0691699604743083
3 0.4317708333333333 0.38735177865612647 0.024479166666666666 0.07114624505928854
3 0.7125 0.424901185770751 0.022395833333333334 0.0800395256916996
3 0.8567708333333334 0.516798418972332 0.021354166666666667 0.0958498023715415
3 0.7083333333333334 0.49604743083003955 0.021875 0.09090909090909091
4 0.0953125 0.2776679841897233 0.008854166666666666 0.05632411067193676
4 0.10572916666666667 0.2737154150197628 0.011458333333333333 0.06324110671936758
4 0.16145833333333334 0.23023715415019763 0.008333333333333333 0.05039525691699605
4 0.16927083333333334 0.22826086956521738 0.009375 0.04940711462450593
4 0.090625 0.2816205533596838 0.010416666666666666 0.05632411067193676