3 0.6083333333333333 0.5780632411067194 0.028645833333333332 0.11758893280632411
3 0.21041666666666667 0.6007905138339921 0.0265625 0.11166007905138339
3 0.3234375 0.5909090909090909 0.029166666666666667 0.10474308300395258
3 0.6744791666666666 0.6551383399209486 0.025 0.11166007905138339
3 0.48489583333333336 0.6768774703557312 0.028125 0.11956521739130435
3 0.2390625 0.6393280632411067 0.026041666666666668 0.13537549407114624
3 0.3260416666666667 0.33201581027667987 0.0125 0.05138339920948617
3 0.5744791666666667 0.31620553359683795 0.013541666666666667 0.05138339920948617
3 0.559375 0.48616600790513836 0.025 0.07312252964426877
3 0.5125 0.30138339920948615 0.0109375 0.04841897233201581
3 0.39739583333333334 0.32707509881422925 0.0125 0.058300395256917
3 0.3885416666666667 0.2717391304347826 0.013541666666666667 0.05039525691699605
3 0.5536458333333333 0.2727272727272727 0.0140625 0.042490118577075096
3 0.5463541666666667 0.30138339920948615 0.014583333333333334 0.042490118577075096
2 0.5401041666666667 0.07015810276679842 0.005208333333333333 0.004940711462450593