3 0.2625 0.58399209486166 0.023958333333333335 0.09683794466403162
3 0.6239583333333333 0.48221343873517786 0.035416666666666666 0.07707509881422925
3 0.5651041666666666 0.47134387351778656 0.03229166666666667 0.05632411067193676
3 0.153125 0.5395256916996047 0.020833333333333332 0.09189723320158102
3 0.2708333333333333 0.49703557312252966 0.024479166666666666 0.08399209486166008
3 0.20677083333333332 0.5 0.0171875 0.07707509881422925
3 0.42135416666666664 0.39723320158102765 0.015625 0.05731225296442688
3 0.29583333333333334 0.3824110671936759 0.0140625 0.06126482213438735
3 0.6526041666666667 0.3349802371541502 0.015625 0.05928853754940711
3 0.48489583333333336 0.3883399209486166 0.0171875 0.06422924901185771
3 0.6286458333333333 0.36462450592885376 0.0140625 0.06422924901185771
3 0.44895833333333335 0.3883399209486166 0.0140625 0.06225296442687747
3 0.5296875 0.35968379446640314 0.015104166666666667 0.05731225296442688
3 0.5375 0.36264822134387353 0.016666666666666666 0.058300395256917