3 0.4666666666666667 0.33992094861660077 0.021875 0.04940711462450593
3 0.5796875 0.3458498023715415 0.013541666666666667 0.06521739130434782
3 0.59375 0.39723320158102765 0.019270833333333334 0.06324110671936758
3 0.7421875 0.42193675889328064 0.016666666666666666 0.07608695652173914
3 0.3229166666666667 0.5217391304347826 0.017708333333333333 0.08300395256916997
3 0.7979166666666667 0.42292490118577075 0.021354166666666667 0.07114624505928854
3 0.5375 0.3922924901185771 0.016145833333333335 0.06719367588932806
3 0.20729166666666668 0.4525691699604743 0.016145833333333335 0.07015810276679842
3 0.3072916666666667 0.441699604743083 0.016145833333333335 0.07806324110671936
3 0.30104166666666665 0.32707509881422925 0.0140625 0.04940711462450593
3 0.15 0.5355731225296443 0.020833333333333332 0.08893280632411067
3 0.6359375 0.3458498023715415 0.0171875 0.0533596837944664
3 0.7213541666666666 0.3438735177865613 0.0109375 0.07114624505928854
3 0.7114583333333333 0.34881422924901184 0.019270833333333334 0.07114624505928854
2 0.6838541666666667 0.29446640316205536 0.005208333333333333 0.007905138339920948
4 0.89375 0.308300395256917 0.013020833333333334 0.06027667984189723
4 0.9052083333333333 0.31225296442687744 0.010416666666666666 0.05731225296442688
4 0.8385416666666666 0.25691699604743085 0.008854166666666666 0.05039525691699605
4 0.8302083333333333 0.25592885375494073 0.009895833333333333 0.05138339920948617
4 0.9109375 0.3181818181818182 0.009375 0.05632411067193676