3 0.18645833333333334 0.5 0.019270833333333334 0.08498023715415019
3 0.018229166666666668 0.5800395256916996 0.0265625 0.09683794466403162
3 0.6682291666666667 0.4515810276679842 0.014583333333333334 0.07509881422924901
3 0.25885416666666666 0.6195652173913043 0.030208333333333334 0.09881422924901186
3 0.6630208333333333 0.34189723320158105 0.015625 0.04940711462450593
3 0.7755208333333333 0.39822134387351776 0.014583333333333334 0.06620553359683795
3 0.47291666666666665 0.3547430830039526 0.0140625 0.06324110671936758
3 0.5578125 0.37549407114624506 0.015625 0.06225296442687747
3 0.3875 0.3695652173913043 0.011979166666666667 0.05731225296442688
3 0.6489583333333333 0.3448616600790514 0.024479166666666666 0.05632411067193676
3 0.7333333333333333 0.42193675889328064 0.015104166666666667 0.06818181818181818
3 0.11458333333333333 0.4990118577075099 0.019270833333333334 0.07806324110671936
3 0.2140625 0.366600790513834 0.011458333333333333 0.05632411067193676
3 0.8458333333333333 0.3952569169960474 0.0171875 0.0741106719367589
4 0.9947916666666666 0.36363636363636365 0.009375 0.07509881422924901
2 0.6776041666666667 0.35177865612648224 0.007291666666666667 0.005928853754940711