3 0.12135416666666667 0.5069169960474308 0.028645833333333332 0.09980237154150198
3 0.7479166666666667 0.31126482213438733 0.018229166666666668 0.0691699604743083
3 0.15 0.43379446640316205 0.022916666666666665 0.08201581027667984
3 0.759375 0.3922924901185771 0.021354166666666667 0.0800395256916996
3 0.27291666666666664 0.424901185770751 0.019270833333333334 0.08695652173913043
3 0.6916666666666667 0.31719367588932806 0.015104166666666667 0.0741106719367589
3 0.7125 0.3685770750988142 0.01875 0.07114624505928854
3 0.6651041666666667 0.3824110671936759 0.01875 0.08300395256916997
3 0.2703125 0.4990118577075099 0.025 0.0958498023715415
3 0.6463541666666667 0.4051383399209486 0.022916666666666665 0.07015810276679842
3 0.45 0.30335968379446643 0.011979166666666667 0.05533596837944664
3 0.284375 0.2984189723320158 0.013020833333333334 0.05237154150197629
3 0.5458333333333333 0.2994071146245059 0.017708333333333333 0.06225296442687747
3 0.5395833333333333 0.30533596837944665 0.019270833333333334 0.06324110671936758
4 0.9052083333333333 0.2658102766798419 0.010416666666666666 0.058300395256917
4 0.8942708333333333 0.2618577075098814 0.011979166666666667 0.06324110671936758
4 0.8380208333333333 0.22035573122529645 0.008333333333333333 0.05138339920948617
4 0.8302083333333333 0.2183794466403162 0.010416666666666666 0.05039525691699605
4 0.9088541666666666 0.2707509881422925 0.010416666666666666 0.05632411067193676