3 0.058333333333333334 0.5810276679841897 0.0328125 0.0958498023715415
3 0.2328125 0.4881422924901186 0.01875 0.08498023715415019
3 0.8072916666666666 0.48221343873517786 0.019791666666666666 0.0958498023715415
3 0.55 0.35177865612648224 0.015104166666666667 0.06225296442687747
3 0.7427083333333333 0.44466403162055335 0.025520833333333333 0.08399209486166008
3 0.22552083333333334 0.6867588932806324 0.0328125 0.09980237154150198
3 0.46770833333333334 0.4841897233201581 0.021354166666666667 0.06521739130434782
3 0.4041666666666667 0.37549407114624506 0.0140625 0.058300395256917
3 0.5119791666666667 0.466403162055336 0.022395833333333334 0.06225296442687747
3 0.6869791666666667 0.41205533596837945 0.015104166666666667 0.06818181818181818
3 0.13229166666666667 0.508893280632411 0.020833333333333332 0.07608695652173914
3 0.5088541666666667 0.3339920948616601 0.011979166666666667 0.05928853754940711
3 0.6723958333333333 0.41106719367588934 0.014583333333333334 0.06620553359683795
3 0.246875 0.3567193675889328 0.013020833333333334 0.05237154150197629
4 0.9432291666666667 0.32707509881422925 0.016666666666666666 0.06620553359683795
4 0.9546875 0.3300395256916996 0.013541666666666667 0.06719367588932806
2 0.8109375 0.475296442687747 0.009375 0.012845849802371542