3 0.39010416666666664 0.2924901185770751 0.011979166666666667 0.05434782608695652
3 0.6916666666666667 0.549407114624506 0.033854166666666664 0.12351778656126482
3 0.5166666666666667 0.35276679841897235 0.01875 0.07213438735177866
3 0.2625 0.4871541501976285 0.025 0.09189723320158102
3 0.653125 0.4288537549407115 0.024479166666666666 0.09387351778656126
3 0.5989583333333334 0.32608695652173914 0.021354166666666667 0.07312252964426877
3 0.15885416666666666 0.4851778656126482 0.023958333333333335 0.0958498023715415
3 0.4265625 0.34881422924901184 0.016666666666666666 0.06521739130434782
3 0.2604166666666667 0.3893280632411067 0.018229166666666668 0.07015810276679842
3 0.421875 0.3705533596837945 0.028125 0.06126482213438735
3 0.3963541666666667 0.3349802371541502 0.016666666666666666 0.06027667984189723
3 0.4265625 0.4535573122529644 0.019791666666666666 0.08893280632411067
3 0.28020833333333334 0.39822134387351776 0.022395833333333334 0.08102766798418973
3 0.40989583333333335 0.4772727272727273 0.03177083333333333 0.08102766798418973
4 0.9765625 0.2717391304347826 0.009895833333333333 0.05731225296442688
4 0.8979166666666667 0.22529644268774704 0.010416666666666666 0.04940711462450593
2 0.5333333333333333 0.2964426877470356 0.008854166666666666 0.005928853754940711
4 0.9052083333333333 0.22628458498023715 0.0109375 0.05237154150197629
4 0.9640625 0.26778656126482214 0.013541666666666667 0.06225296442687747
4 0.9807291666666667 0.27865612648221344 0.010416666666666666 0.05632411067193676