3 0.3453125 0.9041501976284585 0.05 0.15217391304347827
3 0.4197916666666667 0.8399209486166008 0.04114583333333333 0.13339920948616601
3 0.7947916666666667 0.8053359683794467 0.03854166666666667 0.15019762845849802
3 0.378125 0.5385375494071146 0.021875 0.08794466403162056
3 0.35260416666666666 0.39723320158102765 0.019791666666666666 0.05928853754940711
3 0.7458333333333333 0.43774703557312256 0.017708333333333333 0.07509881422924901
3 0.428125 0.3794466403162055 0.016145833333333335 0.05928853754940711
3 0.6234375 0.42391304347826086 0.015104166666666667 0.07015810276679842
3 0.34375 0.6432806324110671 0.0296875 0.11067193675889328
3 0.37395833333333334 0.3814229249011858 0.01875 0.058300395256917
3 0.7015625 0.724308300395257 0.03229166666666667 0.12648221343873517
3 0.6109375 0.3201581027667984 0.013541666666666667 0.05928853754940711
3 0.8458333333333333 0.75 0.0328125 0.14525691699604742
3 0.40208333333333335 0.31225296442687744 0.011458333333333333 0.05632411067193676
2 0.4192708333333333 0.17786561264822134 0.005208333333333333 0.00691699604743083