3 0.2635416666666667 0.4624505928853755 0.016666666666666666 0.08201581027667984
3 0.284375 0.6531620553359684 0.0234375 0.10869565217391304
3 0.7755208333333333 0.43478260869565216 0.034895833333333334 0.0741106719367589
3 0.1328125 0.5148221343873518 0.021875 0.08399209486166008
3 0.17447916666666666 0.46936758893280633 0.020833333333333332 0.0691699604743083
3 0.55 0.33992094861660077 0.015104166666666667 0.04940711462450593
3 0.4114583333333333 0.34881422924901184 0.0140625 0.0533596837944664
3 0.6598958333333333 0.4288537549407115 0.0171875 0.07312252964426877
3 0.5171875 0.33992094861660077 0.0140625 0.05928853754940711
3 0.2786458333333333 0.3300395256916996 0.011458333333333333 0.05039525691699605
3 0.6520833333333333 0.5217391304347826 0.03177083333333333 0.07707509881422925
3 0.6479166666666667 0.43280632411067194 0.016666666666666666 0.07509881422924901
3 0.6552083333333333 0.549407114624506 0.029166666666666667 0.09387351778656126
3 0.7791666666666667 0.4367588932806324 0.04114583333333333 0.08102766798418973
4 0.9765625 0.3695652173913043 0.016145833333333335 0.07213438735177866
4 0.8927083333333333 0.29545454545454547 0.0109375 0.058300395256917
4 0.8828125 0.29347826086956524 0.013541666666666667 0.05731225296442688
4 0.9901041666666667 0.37648221343873517 0.013020833333333334 0.06818181818181818
4 0.9953125 0.3824110671936759 0.008333333333333333 0.06422924901185771