3 0.6416666666666667 0.5424901185770751 0.0546875 0.08498023715415019
3 0.6859375 0.43379446640316205 0.025520833333333333 0.07608695652173914
3 0.134375 0.5335968379446641 0.0234375 0.09090909090909091
3 0.284375 0.4031620553359684 0.016666666666666666 0.05731225296442688
3 0.5510416666666667 0.41699604743083 0.019270833333333334 0.07608695652173914
3 0.5947916666666667 0.49703557312252966 0.017708333333333333 0.0800395256916996
3 0.1828125 0.7065217391304348 0.029166666666666667 0.10770750988142293
3 0.7041666666666667 0.3804347826086957 0.0140625 0.05434782608695652
3 0.7598958333333333 0.3725296442687747 0.015625 0.058300395256917
3 0.603125 0.3695652173913043 0.016145833333333335 0.06521739130434782
3 0.14322916666666666 0.3952569169960474 0.0140625 0.05928853754940711
3 0.6213541666666667 0.3685770750988142 0.016666666666666666 0.05928853754940711
3 0.04739583333333333 0.5345849802371542 0.022395833333333334 0.08399209486166008
2 0.6265625 0.36561264822134387 0.00625 0.003952569169960474