3 0.19791666666666666 0.44861660079051385 0.0171875 0.07114624505928854
3 0.6192708333333333 0.40711462450592883 0.013541666666666667 0.06620553359683795
3 0.32916666666666666 0.4031620553359684 0.016145833333333335 0.06818181818181818
3 0.22708333333333333 0.4061264822134387 0.014583333333333334 0.06126482213438735
3 0.721875 0.3547430830039526 0.0140625 0.06422924901185771
3 0.7177083333333333 0.35968379446640314 0.0375 0.06818181818181818
3 0.5557291666666667 0.3468379446640316 0.013020833333333334 0.05434782608695652
3 0.415625 0.3191699604743083 0.010416666666666666 0.04940711462450593
3 0.5895833333333333 0.4209486166007905 0.013020833333333334 0.07509881422924901
3 0.5744791666666667 0.3409090909090909 0.013541666666666667 0.06027667984189723
3 0.3072916666666667 0.30237154150197626 0.009895833333333333 0.044466403162055336
3 0.8921875 0.4772727272727273 0.025 0.0800395256916996
3 0.9010416666666666 0.49407114624505927 0.030729166666666665 0.09387351778656126
3 0.3458333333333333 0.4980237154150198 0.017708333333333333 0.07806324110671936
2 0.7270833333333333 0.3468379446640316 0.0036458333333333334 0.008893280632411068
4 0.8963541666666667 0.3132411067193676 0.011458333333333333 0.05928853754940711
4 0.909375 0.3181818181818182 0.0109375 0.058300395256917
4 0.834375 0.2598814229249012 0.009375 0.04841897233201581
4 0.8421875 0.2608695652173913 0.008333333333333333 0.04940711462450593
4 0.9166666666666666 0.3241106719367589 0.0109375 0.05533596837944664