3 0.8140625 0.5079051383399209 0.0328125 0.08695652173913043
3 0.32395833333333335 0.5484189723320159 0.018229166666666668 0.09090909090909091
3 0.41458333333333336 0.3300395256916996 0.0109375 0.05039525691699605
3 0.6052083333333333 0.42292490118577075 0.014583333333333334 0.0691699604743083
3 0.3072916666666667 0.43280632411067194 0.016145833333333335 0.0800395256916996
3 0.7322916666666667 0.383399209486166 0.0171875 0.07312252964426877
3 0.18020833333333333 0.47035573122529645 0.018229166666666668 0.0741106719367589
3 0.20572916666666666 0.4308300395256917 0.016666666666666666 0.06818181818181818
3 0.6338541666666667 0.41798418972332013 0.013541666666666667 0.0691699604743083
3 0.2989583333333333 0.31225296442687744 0.0109375 0.04743083003952569
3 0.5338541666666666 0.33992094861660077 0.0125 0.05928853754940711
3 0.565625 0.3409090909090909 0.013541666666666667 0.05632411067193676
4 0.9255208333333333 0.3359683794466403 0.0140625 0.06521739130434782
4 0.8614583333333333 0.2756916996047431 0.009895833333333333 0.05237154150197629
4 0.9380208333333333 0.34189723320158105 0.0109375 0.06225296442687747
4 0.8541666666666666 0.274703557312253 0.011458333333333333 0.05237154150197629
4 0.9442708333333333 0.3468379446640316 0.011979166666666667 0.058300395256917
3 0.7328125 0.38537549407114624 0.0359375 0.07114624505928854
3 0.8140625 0.525691699604743 0.033854166666666664 0.09980237154150198
2 0.7260416666666667 0.36264822134387353 0.0036458333333333334 0.008893280632411068