3 0.453125 0.3201581027667984 0.017708333333333333 0.06324110671936758
3 0.43072916666666666 0.325098814229249 0.015104166666666667 0.06422924901185771
3 0.7052083333333333 0.4258893280632411 0.01875 0.07806324110671936
3 0.8583333333333333 0.5286561264822134 0.023958333333333335 0.09782608695652174
3 0.6958333333333333 0.4980237154150198 0.0265625 0.08695652173913043
3 0.2947916666666667 0.32707509881422925 0.0171875 0.07015810276679842
3 0.45364583333333336 0.391304347826087 0.022395833333333334 0.07608695652173914
3 0.2604166666666667 0.3221343873517787 0.0171875 0.06719367588932806
3 0.4953125 0.3142292490118577 0.016666666666666666 0.05237154150197629
3 0.81875 0.4367588932806324 0.0171875 0.0741106719367589
3 0.2296875 0.36561264822134387 0.01875 0.06818181818181818
3 0.4234375 0.3804347826086957 0.01875 0.058300395256917
3 0.21458333333333332 0.3685770750988142 0.015104166666666667 0.06620553359683795
3 0.70625 0.3102766798418972 0.013020833333333334 0.05237154150197629
4 0.09427083333333333 0.2845849802371542 0.008333333333333333 0.05533596837944664
4 0.10572916666666667 0.2826086956521739 0.013020833333333334 0.05928853754940711
4 0.16145833333333334 0.23715415019762845 0.008854166666666666 0.05138339920948617
4 0.16979166666666667 0.23517786561264822 0.009895833333333333 0.04841897233201581
4 0.09010416666666667 0.2885375494071146 0.010416666666666666 0.0533596837944664
2 0.4546875 0.31620553359683795 0.00625 0.009881422924901186