3 0.33645833333333336 0.4308300395256917 0.021354166666666667 0.09090909090909091
3 0.40989583333333335 0.4298418972332016 0.021354166666666667 0.09387351778656126
3 0.45677083333333335 0.366600790513834 0.017708333333333333 0.08201581027667984
3 0.703125 0.3409090909090909 0.015104166666666667 0.06126482213438735
3 0.7333333333333333 0.4397233201581028 0.017708333333333333 0.08695652173913043
3 0.9604166666666667 0.4673913043478261 0.021875 0.08695652173913043
3 0.7723958333333333 0.4654150197628458 0.022395833333333334 0.09189723320158102
3 0.9421875 0.48616600790513836 0.025520833333333333 0.09782608695652174
3 0.515625 0.33300395256917 0.016666666666666666 0.07608695652173914
3 0.778125 0.3221343873517787 0.013020833333333334 0.05928853754940711
3 0.9265625 0.5424901185770751 0.0234375 0.10474308300395258
3 0.16145833333333334 0.4367588932806324 0.021354166666666667 0.07707509881422925
3 0.16458333333333333 0.4841897233201581 0.033854166666666664 0.11857707509881422
2 0.16145833333333334 0.42391304347826086 0.010416666666666666 0.017786561264822136
4 0.2375 0.25592885375494073 0.009895833333333333 0.05928853754940711
4 0.22604166666666667 0.25790513833992096 0.0078125 0.05533596837944664
4 0.2869791666666667 0.21739130434782608 0.0078125 0.04841897233201581
4 0.2942708333333333 0.21541501976284586 0.008854166666666666 0.046442687747035576
4 0.221875 0.2628458498023715 0.008333333333333333 0.0533596837944664
0 0.07708333333333334 0.4298418972332016 0.007291666666666667 0.00691699604743083