3 0.6927083333333334 0.5375494071146245 0.059375 0.12549407114624506
3 0.5140625 0.4397233201581028 0.0421875 0.08992094861660078
3 0.5760416666666667 0.44664031620553357 0.030729166666666665 0.09288537549407115
3 0.5984375 0.35079051383399207 0.023958333333333335 0.06719367588932806
3 0.12395833333333334 0.43478260869565216 0.016666666666666666 0.08300395256916997
3 0.8208333333333333 0.5573122529644269 0.034375 0.1324110671936759
3 0.13333333333333333 0.44664031620553357 0.019270833333333334 0.09090909090909091
3 0.2640625 0.39624505928853754 0.0171875 0.07806324110671936
3 0.5203125 0.33794466403162055 0.0140625 0.06027667984189723
3 0.34375 0.33300395256917 0.013541666666666667 0.06126482213438735
3 0.14427083333333332 0.5197628458498024 0.0265625 0.09683794466403162
3 0.290625 0.308300395256917 0.013541666666666667 0.05632411067193676
3 0.34010416666666665 0.3952569169960474 0.015104166666666667 0.07015810276679842
3 0.035416666666666666 0.516798418972332 0.022395833333333334 0.10177865612648221
2 0.7208333333333333 0.4140316205533597 0.009895833333333333 0.008893280632411068
4 0.8552083333333333 0.2618577075098814 0.009375 0.05632411067193676
4 0.8447916666666667 0.2598814229249012 0.013020833333333334 0.06126482213438735
4 0.7838541666666666 0.21739130434782608 0.009375 0.04743083003952569
4 0.7916666666666666 0.21936758893280633 0.008854166666666666 0.04841897233201581
4 0.859375 0.26679841897233203 0.0109375 0.05632411067193676