3 0.803125 0.4881422924901186 0.022916666666666665 0.0958498023715415
3 0.7515625 0.4535573122529644 0.022395833333333334 0.08695652173913043
3 0.23958333333333334 0.48320158102766797 0.021354166666666667 0.08102766798418973
3 0.065625 0.5721343873517787 0.024479166666666666 0.08992094861660078
3 0.1359375 0.5098814229249012 0.0234375 0.08201581027667984
3 0.46927083333333336 0.49407114624505927 0.026041666666666668 0.07114624505928854
3 0.221875 0.6996047430830039 0.030208333333333334 0.11264822134387352
3 0.5057291666666667 0.475296442687747 0.020833333333333332 0.0691699604743083
3 0.5520833333333334 0.35276679841897235 0.017708333333333333 0.06422924901185771
3 0.40625 0.37351778656126483 0.0125 0.058300395256917
3 0.6729166666666667 0.41798418972332013 0.014583333333333334 0.06620553359683795
3 0.6859375 0.4150197628458498 0.015625 0.07114624505928854
3 0.25 0.3547430830039526 0.0125 0.05138339920948617
3 0.5078125 0.3359683794466403 0.013020833333333334 0.06027667984189723
4 0.9385416666666667 0.3241106719367589 0.013541666666666667 0.06521739130434782
4 0.9489583333333333 0.32806324110671936 0.013020833333333334 0.06818181818181818
2 0.8057291666666667 0.48320158102766797 0.009375 0.014822134387351778