3 0.23229166666666667 0.4575098814229249 0.028125 0.07608695652173914
3 0.3338541666666667 0.45948616600790515 0.028125 0.08201581027667984
3 0.8932291666666666 0.5543478260869565 0.026041666666666668 0.0958498023715415
3 0.4921875 0.3695652173913043 0.019270833333333334 0.06126482213438735
3 0.43645833333333334 0.3685770750988142 0.020833333333333332 0.06027667984189723
3 0.4239583333333333 0.5563241106719368 0.019270833333333334 0.0958498023715415
3 0.7635416666666667 0.4209486166007905 0.016145833333333335 0.06620553359683795
3 0.2890625 0.37450592885375494 0.016666666666666666 0.05533596837944664
3 0.3927083333333333 0.549407114624506 0.0234375 0.08992094861660078
2 0.37916666666666665 0.3685770750988142 0.0067708333333333336 0.007905138339920948
3 0.890625 0.7628458498023716 0.028125 0.13142292490118576
3 0.9791666666666666 0.5513833992094862 0.0234375 0.09090909090909091
3 0.884375 0.40810276679841895 0.016145833333333335 0.06225296442687747
3 0.2916666666666667 0.3824110671936759 0.027604166666666666 0.05434782608695652