3 0.6421875 0.44664031620553357 0.026041666666666668 0.10770750988142293
3 0.6692708333333334 0.5741106719367589 0.04010416666666667 0.116600790513834
3 0.5239583333333333 0.3577075098814229 0.025 0.06719367588932806
3 0.5979166666666667 0.325098814229249 0.026041666666666668 0.07509881422924901
3 0.38958333333333334 0.2924901185770751 0.011979166666666667 0.05237154150197629
3 0.4010416666666667 0.3339920948616601 0.016666666666666666 0.05928853754940711
3 0.4197916666666667 0.35079051383399207 0.020833333333333332 0.06719367588932806
3 0.42916666666666664 0.3675889328063241 0.015625 0.05928853754940711
3 0.25677083333333334 0.3942687747035573 0.01875 0.07213438735177866
3 0.27291666666666664 0.40217391304347827 0.016666666666666666 0.08102766798418973
3 0.15885416666666666 0.48320158102766797 0.025520833333333333 0.09683794466403162
3 0.4171875 0.4535573122529644 0.022916666666666665 0.08498023715415019
3 0.25833333333333336 0.4841897233201581 0.021354166666666667 0.09090909090909091
3 0.4166666666666667 0.4772727272727273 0.049479166666666664 0.08201581027667984
2 0.565625 0.2855731225296443 0.0067708333333333336 0.00691699604743083
4 0.896875 0.22529644268774704 0.0109375 0.05039525691699605
4 0.90625 0.22529644268774704 0.009895833333333333 0.05138339920948617
4 0.9765625 0.2727272727272727 0.011458333333333333 0.05928853754940711
4 0.9635416666666666 0.26877470355731226 0.014583333333333334 0.06422924901185771
4 0.9802083333333333 0.2776679841897233 0.0109375 0.058300395256917