3 0.22447916666666667 0.49407114624505927 0.020833333333333332 0.08300395256916997
3 0.8145833333333333 0.4634387351778656 0.017708333333333333 0.09288537549407115
3 0.7234375 0.4278656126482213 0.0203125 0.0800395256916996
3 0.5302083333333333 0.44960474308300397 0.024479166666666666 0.05632411067193676
3 0.48125 0.4624505928853755 0.025520833333333333 0.06521739130434782
3 0.5447916666666667 0.35276679841897235 0.011979166666666667 0.06126482213438735
3 0.40208333333333335 0.3774703557312253 0.013020833333333334 0.058300395256917
3 0.1265625 0.5059288537549407 0.020833333333333332 0.07312252964426877
3 0.22291666666666668 0.6679841897233202 0.03125 0.09288537549407115
3 0.5083333333333333 0.3300395256916996 0.013020833333333334 0.05632411067193676
3 0.6671875 0.4041501976284585 0.0140625 0.06422924901185771
3 0.6817708333333333 0.39920948616600793 0.013020833333333334 0.06324110671936758
3 0.24427083333333333 0.358695652173913 0.014583333333333334 0.0533596837944664
3 0.05 0.5830039525691699 0.023958333333333335 0.09387351778656126
4 0.9640625 0.3339920948616601 0.013541666666666667 0.06818181818181818
4 0.9526041666666667 0.33201581027667987 0.013541666666666667 0.06620553359683795
2 0.8109375 0.45652173913043476 0.010416666666666666 0.008893280632411068