3 0.3265625 0.4654150197628458 0.026041666666666668 0.10177865612648221
3 0.20208333333333334 0.3577075098814229 0.0296875 0.0800395256916996
3 0.8447916666666667 0.43873517786561267 0.0203125 0.08102766798418973
3 0.490625 0.35276679841897235 0.019270833333333334 0.06818181818181818
3 0.2604166666666667 0.358695652173913 0.021354166666666667 0.08102766798418973
3 0.45364583333333336 0.2994071146245059 0.018229166666666668 0.06422924901185771
3 0.4739583333333333 0.3092885375494071 0.018229166666666668 0.058300395256917
3 0.6052083333333333 0.3191699604743083 0.015625 0.05632411067193676
3 0.7541666666666667 0.46047430830039526 0.017708333333333333 0.09980237154150198
3 0.35989583333333336 0.37648221343873517 0.0234375 0.07114624505928854
3 0.6880208333333333 0.29150197628458496 0.0140625 0.0533596837944664
3 0.371875 0.441699604743083 0.020833333333333332 0.09189723320158102
3 0.8994791666666667 0.5158102766798419 0.020833333333333332 0.09980237154150198
3 0.7375 0.5049407114624506 0.021875 0.09486166007905138
4 0.1640625 0.22134387351778656 0.010416666666666666 0.05237154150197629
4 0.09739583333333333 0.26679841897233203 0.008854166666666666 0.058300395256917
4 0.16979166666666667 0.22134387351778656 0.013020833333333334 0.05237154150197629
4 0.10833333333333334 0.26383399209486164 0.011458333333333333 0.06324110671936758
4 0.09270833333333334 0.2717391304347826 0.010416666666666666 0.05533596837944664
2 0.5052083333333334 0.2756916996047431 0.0067708333333333336 0.00691699604743083