3 0.25729166666666664 0.41205533596837945 0.024479166666666666 0.08992094861660078
3 0.43854166666666666 0.2994071146245059 0.021354166666666667 0.05928853754940711
3 0.3125 0.31620553359683795 0.014583333333333334 0.06719367588932806
3 0.36875 0.39723320158102765 0.0234375 0.07114624505928854
3 0.315625 0.3824110671936759 0.0109375 0.07905138339920949
3 0.5630208333333333 0.30632411067193677 0.013541666666666667 0.05632411067193676
3 0.24739583333333334 0.3181818181818182 0.015104166666666667 0.06620553359683795
3 0.8890625 0.5079051383399209 0.026041666666666668 0.10177865612648221
3 0.459375 0.3092885375494071 0.025520833333333333 0.05138339920948617
3 0.7145833333333333 0.2984189723320158 0.0125 0.0533596837944664
3 0.7322916666666667 0.4278656126482213 0.020833333333333332 0.08201581027667984
3 0.8536458333333333 0.43774703557312256 0.019270833333333334 0.08102766798418973
3 0.7317708333333334 0.4990118577075099 0.022395833333333334 0.0958498023715415
4 0.10625 0.2628458498023715 0.0125 0.06126482213438735
4 0.09479166666666666 0.2658102766798419 0.008333333333333333 0.058300395256917
4 0.16197916666666667 0.22035573122529645 0.009375 0.05138339920948617
4 0.16875 0.22035573122529645 0.0109375 0.05138339920948617
4 0.090625 0.2707509881422925 0.009375 0.058300395256917
3 0.3072916666666667 0.39031620553359686 0.020833333333333332 0.08102766798418973
2 0.43072916666666666 0.28952569169960474 0.005208333333333333 0.005928853754940711