3 0.446875 0.37450592885375494 0.01875 0.06126482213438735
3 0.14375 0.5612648221343873 0.027083333333333334 0.08695652173913043
3 0.39791666666666664 0.3349802371541502 0.01875 0.0533596837944664
3 0.28854166666666664 0.4160079051383399 0.0171875 0.06126482213438735
3 0.03125 0.5553359683794467 0.023958333333333335 0.09288537549407115
3 0.11197916666666667 0.5138339920948617 0.018229166666666668 0.08992094861660078
3 0.5703125 0.3448616600790514 0.013020833333333334 0.06521739130434782
3 0.4192708333333333 0.37450592885375494 0.013541666666666667 0.05138339920948617
3 0.534375 0.34288537549407117 0.013541666666666667 0.05632411067193676
3 0.3651041666666667 0.33695652173913043 0.011979166666666667 0.04841897233201581
3 0.6114583333333333 0.4515810276679842 0.0203125 0.06225296442687747
3 0.1203125 0.42292490118577075 0.015104166666666667 0.06422924901185771
3 0.058854166666666666 0.5187747035573123 0.021354166666666667 0.07905138339920949
3 0.6328125 0.4515810276679842 0.0265625 0.06620553359683795