3 0.7635416666666667 0.5079051383399209 0.04739583333333333 0.13636363636363635
3 0.6291666666666667 0.5296442687747036 0.03229166666666667 0.1225296442687747
3 0.10104166666666667 0.44466403162055335 0.021875 0.1600790513833992
3 0.49583333333333335 0.5701581027667985 0.028645833333333332 0.13438735177865613
3 0.22083333333333333 0.42193675889328064 0.022395833333333334 0.15019762845849802
3 0.8192708333333333 0.516798418972332 0.026041666666666668 0.11462450592885376
3 0.34427083333333336 0.7233201581027668 0.04375 0.22529644268774704
4 0.09375 0.20355731225296442 0.0109375 0.05731225296442688
3 0.4114583333333333 0.15711462450592886 0.0078125 0.03162055335968379
3 0.3697916666666667 0.1551383399209486 0.009375 0.03162055335968379
3 0.4265625 0.15810276679841898 0.0078125 0.030632411067193676
3 0.4640625 0.1590909090909091 0.00625 0.03458498023715415
4 0.034375 0.24604743083003952 0.016666666666666666 0.07015810276679842
4 0.022916666666666665 0.25 0.015625 0.06719367588932806
3 0.38958333333333334 0.1551383399209486 0.0078125 0.03557312252964427
2 0.334375 0.5988142292490118 0.018229166666666668 0.038537549407114624
4 0.10260416666666666 0.2015810276679842 0.011458333333333333 0.05533596837944664
4 0.016145833333333335 0.25592885375494073 0.011979166666666667 0.06620553359683795
3 0.4348958333333333 0.15810276679841898 0.00625 0.03359683794466403
3 0.4515625 0.1600790513833992 0.008854166666666666 0.03162055335968379