3 0.6572916666666667 0.5355731225296443 0.0203125 0.09486166007905138
3 0.23854166666666668 0.49407114624505927 0.021354166666666667 0.10276679841897234
3 0.528125 0.47035573122529645 0.020833333333333332 0.0741106719367589
3 0.4427083333333333 0.5513833992094862 0.021354166666666667 0.08794466403162056
3 0.33645833333333336 0.5158102766798419 0.019791666666666666 0.09683794466403162
3 0.5875 0.5079051383399209 0.0203125 0.10177865612648221
3 0.2713541666666667 0.5197628458498024 0.022395833333333334 0.10474308300395258
3 0.5125 0.24802371541501977 0.009375 0.036561264822134384
3 0.3885416666666667 0.23122529644268774 0.009375 0.040513833992094864
3 0.4265625 0.25395256916996045 0.009375 0.041501976284584984
3 0.528125 0.23715415019762845 0.008854166666666666 0.038537549407114624
3 0.49270833333333336 0.24011857707509882 0.008854166666666666 0.036561264822134384
3 0.45208333333333334 0.2391304347826087 0.010416666666666666 0.036561264822134384
3 0.37864583333333335 0.2549407114624506 0.008854166666666666 0.040513833992094864
4 0.0078125 0.32707509881422925 0.014583333333333334 0.06818181818181818