3 0.0359375 0.5731225296442688 0.0265625 0.09486166007905138
3 0.23802083333333332 0.6235177865612648 0.017708333333333333 0.10177865612648221
3 0.7229166666666667 0.43774703557312256 0.03125 0.06818181818181818
3 0.20208333333333334 0.49407114624505927 0.016145833333333335 0.08498023715415019
3 0.7067708333333333 0.36264822134387353 0.021354166666666667 0.06126482213438735
3 0.64375 0.3814229249011858 0.018229166666666668 0.06126482213438735
3 0.4041666666666667 0.3675889328063241 0.014583333333333334 0.05632411067193676
3 0.6890625 0.43774703557312256 0.0234375 0.07312252964426877
3 0.7885416666666667 0.3715415019762846 0.017708333333333333 0.06620553359683795
3 0.121875 0.49407114624505927 0.018229166666666668 0.07707509881422925
3 0.24322916666666666 0.3547430830039526 0.011979166666666667 0.05237154150197629
3 0.6572916666666667 0.3784584980237154 0.014583333333333334 0.0533596837944664
3 0.5098958333333333 0.3201581027667984 0.011979166666666667 0.05632411067193676
3 0.5197916666666667 0.3468379446640316 0.016145833333333335 0.058300395256917
4 0.9677083333333333 0.33794466403162055 0.0140625 0.06818181818181818
4 0.9796875 0.34189723320158105 0.013020833333333334 0.07114624505928854
2 0.6625 0.37648221343873517 0.0067708333333333336 0.011857707509881422