3 0.68125 0.4268774703557312 0.026041666666666668 0.09387351778656126
3 0.4901041666666667 0.3349802371541502 0.021354166666666667 0.07509881422924901
3 0.2989583333333333 0.33992094861660077 0.015625 0.06126482213438735
3 0.6020833333333333 0.4318181818181818 0.018229166666666668 0.09288537549407115
3 0.5411458333333333 0.3675889328063241 0.016666666666666666 0.0800395256916996
3 0.2265625 0.3241106719367589 0.015104166666666667 0.058300395256917
3 0.043229166666666666 0.46936758893280633 0.021875 0.08695652173913043
3 0.24166666666666667 0.47134387351778656 0.025 0.10375494071146245
3 0.06145833333333333 0.49308300395256915 0.024479166666666666 0.10177865612648221
3 0.27239583333333334 0.44466403162055335 0.01875 0.08596837944664032
3 0.0796875 0.5375494071146245 0.024479166666666666 0.09980237154150198
3 0.840625 0.4209486166007905 0.0234375 0.08794466403162056
3 0.8546875 0.475296442687747 0.030729166666666665 0.13043478260869565
4 0.7635416666666667 0.25691699604743085 0.009895833333333333 0.06027667984189723
4 0.7744791666666667 0.25889328063241107 0.008333333333333333 0.05533596837944664
4 0.7052083333333333 0.21640316205533597 0.010416666666666666 0.04940711462450593
4 0.7135416666666666 0.21739130434782608 0.009895833333333333 0.04841897233201581
4 0.778125 0.2628458498023715 0.009375 0.0533596837944664
0 0.9229166666666667 0.4298418972332016 0.0078125 0.007905138339920948
2 0.8484375 0.41106719367588934 0.009895833333333333 0.015810276679841896