3 0.19895833333333332 0.49209486166007904 0.027083333333333334 0.09288537549407115
3 0.7479166666666667 0.48023715415019763 0.0203125 0.07213438735177866
3 0.7630208333333334 0.7055335968379447 0.03333333333333333 0.11462450592885376
3 0.484375 0.49407114624505927 0.0234375 0.07213438735177866
3 0.2375 0.4743083003952569 0.0203125 0.09288537549407115
3 0.9192708333333334 0.5622529644268774 0.021875 0.08992094861660078
3 0.4473958333333333 0.35079051383399207 0.011979166666666667 0.06126482213438735
3 0.31354166666666666 0.4199604743083004 0.019791666666666666 0.06818181818181818
3 0.5916666666666667 0.3685770750988142 0.011979166666666667 0.05632411067193676
3 0.8614583333333333 0.5079051383399209 0.019791666666666666 0.08300395256916997
3 0.32916666666666666 0.4258893280632411 0.016145833333333335 0.07509881422924901
3 0.5119791666666667 0.516798418972332 0.022916666666666665 0.0741106719367589
3 0.49166666666666664 0.33695652173913043 0.011979166666666667 0.06126482213438735
3 0.7447916666666666 0.35177865612648224 0.011979166666666667 0.0533596837944664
4 0.06458333333333334 0.3201581027667984 0.015104166666666667 0.06620553359683795
4 0.075 0.31719367588932806 0.0140625 0.06521739130434782
2 0.19114583333333332 0.4871541501976285 0.008333333333333333 0.014822134387351778