3 0.10416666666666667 0.45948616600790515 0.020833333333333332 0.1373517786561265
3 0.6302083333333334 0.5316205533596838 0.030729166666666665 0.12450592885375494
3 0.22291666666666668 0.4397233201581028 0.019791666666666666 0.11857707509881422
3 0.496875 0.5721343873517787 0.030208333333333334 0.13339920948616601
3 0.7578125 0.5069169960474308 0.03333333333333333 0.14031620553359683
3 0.8208333333333333 0.5197628458498024 0.027083333333333334 0.116600790513834
3 0.39166666666666666 0.15612648221343872 0.008333333333333333 0.036561264822134384
3 0.34375 0.7223320158102767 0.04375 0.23122529644268774
3 0.475 0.16106719367588934 0.009375 0.03162055335968379
3 0.41354166666666664 0.1600790513833992 0.007291666666666667 0.030632411067193676
4 0.0359375 0.2490118577075099 0.0171875 0.0691699604743083
3 0.37395833333333334 0.15711462450592886 0.008854166666666666 0.03359683794466403
3 0.45208333333333334 0.16106719367588934 0.0078125 0.03359683794466403
3 0.428125 0.15711462450592886 0.007291666666666667 0.03458498023715415
4 0.025 0.25296442687747034 0.0140625 0.06620553359683795
4 0.09635416666666667 0.20553359683794467 0.009375 0.05632411067193676
3 0.43802083333333336 0.15810276679841898 0.0078125 0.03359683794466403
2 0.328125 0.6007905138339921 0.017708333333333333 0.03359683794466403
4 0.01875 0.25790513833992096 0.013541666666666667 0.06620553359683795
4 0.1046875 0.20355731225296442 0.0109375 0.05434782608695652