3 0.21979166666666666 0.4397233201581028 0.0203125 0.11956521739130435
3 0.6291666666666667 0.532608695652174 0.03177083333333333 0.12450592885375494
3 0.10520833333333333 0.4624505928853755 0.022916666666666665 0.13537549407114624
3 0.8020833333333334 0.5009881422924901 0.023958333333333335 0.11363636363636363
3 0.7270833333333333 0.48320158102766797 0.030729166666666665 0.13537549407114624
3 0.496875 0.5711462450592886 0.027083333333333334 0.13932806324110672
3 0.3255208333333333 0.6541501976284585 0.0625 0.17193675889328064
3 0.39114583333333336 0.15711462450592886 0.008333333333333333 0.036561264822134384
3 0.4786458333333333 0.16205533596837945 0.008333333333333333 0.03260869565217391
2 0.29791666666666666 0.5642292490118577 0.015104166666666667 0.02766798418972332
3 0.37395833333333334 0.15612648221343872 0.008854166666666666 0.03260869565217391
4 0.09583333333333334 0.20553359683794467 0.010416666666666666 0.05632411067193676
4 0.034375 0.24802371541501977 0.016145833333333335 0.07015810276679842
4 0.022916666666666665 0.25395256916996045 0.0140625 0.06620553359683795
3 0.45364583333333336 0.16106719367588934 0.008333333333333333 0.03260869565217391
3 0.41354166666666664 0.1600790513833992 0.007291666666666667 0.030632411067193676
4 0.10260416666666666 0.20454545454545456 0.0125 0.05434782608695652
3 0.440625 0.1590909090909091 0.0078125 0.03260869565217391
4 0.0171875 0.25790513833992096 0.013541666666666667 0.06620553359683795
3 0.4276041666666667 0.1600790513833992 0.007291666666666667 0.030632411067193676