3 0.39114583333333336 0.29051383399209485 0.013020833333333334 0.04940711462450593
3 0.39427083333333335 0.33695652173913043 0.009895833333333333 0.05928853754940711
3 0.43333333333333335 0.34881422924901184 0.028125 0.06521739130434782
3 0.415625 0.37648221343873517 0.030208333333333334 0.05632411067193676
3 0.6005208333333333 0.3231225296442688 0.015104166666666667 0.07114624505928854
3 0.7385416666666667 0.4990118577075099 0.029166666666666667 0.1225296442687747
3 0.2921875 0.4031620553359684 0.024479166666666666 0.07312252964426877
3 0.26666666666666666 0.49110671936758893 0.027604166666666666 0.08893280632411067
3 0.684375 0.4061264822134387 0.022395833333333334 0.09288537549407115
3 0.16197916666666667 0.48616600790513836 0.021875 0.09486166007905138
3 0.5140625 0.3468379446640316 0.014583333333333334 0.07213438735177866
3 0.26979166666666665 0.38537549407114624 0.015625 0.06719367588932806
3 0.4510416666666667 0.45652173913043476 0.018229166666666668 0.09090909090909091
3 0.43854166666666666 0.4723320158102767 0.021354166666666667 0.09387351778656126
4 0.9765625 0.2727272727272727 0.011458333333333333 0.058300395256917
4 0.9635416666666666 0.26877470355731226 0.015625 0.06324110671936758
4 0.90625 0.22529644268774704 0.010416666666666666 0.05138339920948617
4 0.8973958333333333 0.22430830039525693 0.0109375 0.04940711462450593
4 0.9807291666666667 0.2776679841897233 0.011458333333333333 0.05533596837944664
2 0.44947916666666665 0.32806324110671936 0.00625 0.00691699604743083