3 0.6505208333333333 0.4772727272727273 0.0234375 0.07707509881422925
3 0.19895833333333332 0.5019762845849802 0.025520833333333333 0.08498023715415019
3 0.5947916666666667 0.3448616600790514 0.0234375 0.0533596837944664
3 0.18229166666666666 0.6245059288537549 0.025520833333333333 0.09782608695652174
3 0.0546875 0.5731225296442688 0.025520833333333333 0.09288537549407115
3 0.7479166666666667 0.44960474308300397 0.022395833333333334 0.08201581027667984
3 0.328125 0.3883399209486166 0.0140625 0.05731225296442688
3 0.46458333333333335 0.3824110671936759 0.013020833333333334 0.05533596837944664
3 0.2265625 0.37648221343873517 0.011458333333333333 0.05731225296442688
3 0.11979166666666667 0.5019762845849802 0.0171875 0.07806324110671936
3 0.6322916666666667 0.33992094861660077 0.015625 0.04940711462450593
3 0.5078125 0.3685770750988142 0.0109375 0.058300395256917
3 0.3875 0.358695652173913 0.018229166666666668 0.06324110671936758
3 0.3921875 0.3695652173913043 0.019270833333333334 0.06027667984189723
2 0.690625 0.34288537549407117 0.0067708333333333336 0.005928853754940711