3 0.3770833333333333 0.2865612648221344 0.013541666666666667 0.04940711462450593
3 0.7229166666666667 0.3675889328063241 0.017708333333333333 0.0741106719367589
3 0.7807291666666667 0.41798418972332013 0.01875 0.08498023715415019
3 0.47239583333333335 0.3705533596837945 0.015104166666666667 0.06719367588932806
3 0.40625 0.35276679841897235 0.021875 0.06620553359683795
3 0.2421875 0.41007905138339923 0.015625 0.07509881422924901
3 0.5854166666666667 0.3132411067193676 0.013020833333333334 0.0691699604743083
3 0.26458333333333334 0.43280632411067194 0.0171875 0.0800395256916996
3 0.5083333333333333 0.3359683794466403 0.0140625 0.07114624505928854
3 0.3828125 0.33300395256917 0.011458333333333333 0.058300395256917
3 0.5 0.4723320158102767 0.0203125 0.0958498023715415
3 0.5171875 0.45652173913043476 0.026041666666666668 0.09683794466403162
3 0.14479166666666668 0.5029644268774703 0.021354166666666667 0.09980237154150198
3 0.26458333333333334 0.5059288537549407 0.027604166666666666 0.08992094861660078
4 0.953125 0.2717391304347826 0.008854166666666666 0.05928853754940711
4 0.9416666666666667 0.26877470355731226 0.013020833333333334 0.06422924901185771
4 0.8838541666666667 0.22529644268774704 0.008854166666666666 0.05138339920948617
4 0.8760416666666667 0.22430830039525693 0.010416666666666666 0.04841897233201581
4 0.9567708333333333 0.2766798418972332 0.0109375 0.05731225296442688
2 0.4005208333333333 0.32707509881422925 0.0067708333333333336 0.005928853754940711