3 0.25 0.5988142292490118 0.021354166666666667 0.09387351778656126
3 0.20416666666666666 0.4851778656126482 0.018229166666666668 0.08596837944664032
3 0.659375 0.37351778656126483 0.015625 0.058300395256917
3 0.7791666666666667 0.42193675889328064 0.021354166666666667 0.05928853754940711
3 0.13333333333333333 0.4871541501976285 0.022916666666666665 0.07213438735177866
3 0.5145833333333333 0.3438735177865613 0.0140625 0.058300395256917
3 0.041666666666666664 0.558300395256917 0.024479166666666666 0.09387351778656126
3 0.7463541666666667 0.3458498023715415 0.017708333333333333 0.058300395256917
3 0.68125 0.34189723320158105 0.015104166666666667 0.058300395256917
3 0.24375 0.34980237154150196 0.0125 0.05138339920948617
3 0.40729166666666666 0.3616600790513834 0.013020833333333334 0.05731225296442688
3 0.5 0.3191699604743083 0.014583333333333334 0.05731225296442688
4 0.96875 0.33992094861660077 0.016145833333333335 0.0691699604743083
4 0.98125 0.3448616600790514 0.013541666666666667 0.07213438735177866
3 0.79375 0.4308300395256917 0.030208333333333334 0.06719367588932806
3 0.6619791666666667 0.3824110671936759 0.025520833333333333 0.06620553359683795