3 0.2833333333333333 0.5187747035573123 0.030208333333333334 0.12450592885375494
3 0.33229166666666665 0.41304347826086957 0.01875 0.09189723320158102
3 0.7369791666666666 0.4891304347826087 0.023958333333333335 0.09288537549407115
3 0.6088541666666667 0.28952569169960474 0.0125 0.0533596837944664
3 0.8401041666666667 0.4851778656126482 0.021875 0.0958498023715415
3 0.39791666666666664 0.3241106719367589 0.016145833333333335 0.07509881422924901
3 0.7125 0.40019762845849804 0.0234375 0.07707509881422925
3 0.4864583333333333 0.35177865612648224 0.0140625 0.07312252964426877
3 0.5588541666666667 0.45652173913043476 0.020833333333333332 0.09189723320158102
3 0.5723958333333333 0.46936758893280633 0.024479166666666666 0.09486166007905138
3 0.5703125 0.34782608695652173 0.023958333333333335 0.06719367588932806
3 0.584375 0.3715415019762846 0.030208333333333334 0.06422924901185771
3 0.6052083333333333 0.33794466403162055 0.013020833333333334 0.06225296442687747
3 0.7338541666666667 0.3883399209486166 0.017708333333333333 0.07015810276679842
4 0.0234375 0.2727272727272727 0.009375 0.058300395256917
4 0.036458333333333336 0.26976284584980237 0.015104166666666667 0.06521739130434782
2 0.5083333333333333 0.3142292490118577 0.007291666666666667 0.00691699604743083
4 0.10208333333333333 0.22430830039525693 0.009375 0.05039525691699605
4 0.09427083333333333 0.22529644268774704 0.0109375 0.05039525691699605
4 0.019270833333333334 0.2766798418972332 0.0109375 0.05731225296442688