3 0.34479166666666666 0.5049407114624506 0.018229166666666668 0.0800395256916996
3 0.19895833333333332 0.4525691699604743 0.021354166666666667 0.07312252964426877
3 0.7166666666666667 0.3606719367588933 0.019270833333333334 0.06719367588932806
3 0.875 0.48023715415019763 0.0171875 0.08201581027667984
3 0.621875 0.4051383399209486 0.0109375 0.06818181818181818
3 0.7177083333333333 0.36363636363636365 0.035416666666666666 0.06719367588932806
3 0.590625 0.41304347826086957 0.015104166666666667 0.07312252964426877
3 0.22395833333333334 0.41007905138339923 0.0140625 0.06126482213438735
3 0.32760416666666664 0.4061264822134387 0.014583333333333334 0.07015810276679842
3 0.571875 0.34288537549407117 0.013020833333333334 0.06027667984189723
3 0.4161458333333333 0.3211462450592885 0.011458333333333333 0.04841897233201581
3 0.5494791666666666 0.3409090909090909 0.013020833333333334 0.06225296442687747
3 0.30625 0.30335968379446643 0.009895833333333333 0.043478260869565216
3 0.8786458333333333 0.49703557312252966 0.019270833333333334 0.09387351778656126
4 0.9130208333333333 0.3211462450592885 0.0109375 0.05928853754940711
4 0.8369791666666667 0.2618577075098814 0.010416666666666666 0.04940711462450593
4 0.8453125 0.2628458498023715 0.008854166666666666 0.04940711462450593
4 0.9 0.31719367588932806 0.0109375 0.06027667984189723
4 0.9203125 0.32608695652173914 0.011979166666666667 0.0533596837944664