3 0.69375 0.3132411067193676 0.015104166666666667 0.07114624505928854
3 0.4666666666666667 0.30039525691699603 0.0109375 0.05533596837944664
3 0.159375 0.4278656126482213 0.017708333333333333 0.07806324110671936
3 0.75 0.3092885375494071 0.015625 0.07114624505928854
3 0.6145833333333334 0.38537549407114624 0.0234375 0.08300395256916997
3 0.6359375 0.37549407114624506 0.015625 0.07509881422924901
3 0.7270833333333333 0.3557312252964427 0.0140625 0.07312252964426877
3 0.5453125 0.2984189723320158 0.017708333333333333 0.06620553359683795
3 0.2859375 0.2964426877470356 0.013541666666666667 0.05237154150197629
3 0.2791666666666667 0.41699604743083 0.0203125 0.07905138339920949
3 0.7640625 0.3725296442687747 0.021354166666666667 0.07608695652173914
3 0.5447916666666667 0.30533596837944665 0.019270833333333334 0.06324110671936758
3 0.2786458333333333 0.4891304347826087 0.025520833333333333 0.09090909090909091
3 0.13697916666666668 0.5069169960474308 0.029166666666666667 0.1007905138339921
4 0.9052083333333333 0.2658102766798419 0.008333333333333333 0.05632411067193676
4 0.8947916666666667 0.2628458498023715 0.0125 0.06126482213438735
4 0.8385416666666666 0.22134387351778656 0.010416666666666666 0.05138339920948617
4 0.8307291666666666 0.22035573122529645 0.009375 0.05138339920948617
4 0.909375 0.2707509881422925 0.009895833333333333 0.05533596837944664