3 0.3723958333333333 0.4150197628458498 0.021875 0.08201581027667984
3 0.21041666666666667 0.33695652173913043 0.016666666666666666 0.07312252964426877
3 0.5895833333333333 0.3132411067193676 0.016666666666666666 0.05632411067193676
3 0.8572916666666667 0.4407114624505929 0.019791666666666666 0.08201581027667984
3 0.7020833333333333 0.2964426877470356 0.0125 0.05533596837944664
3 0.2994791666666667 0.33300395256917 0.022916666666666665 0.06422924901185771
3 0.8989583333333333 0.5138339920948617 0.019270833333333334 0.10177865612648221
3 0.7453125 0.441699604743083 0.022395833333333334 0.07509881422924901
3 0.44479166666666664 0.2994071146245059 0.0171875 0.06422924901185771
3 0.3098958333333333 0.3893280632411067 0.022916666666666665 0.07213438735177866
3 0.43125 0.31620553359683795 0.019270833333333334 0.05434782608695652
3 0.43125 0.3695652173913043 0.019270833333333334 0.06719367588932806
3 0.3104166666666667 0.44960474308300397 0.0203125 0.08992094861660078
3 0.7380208333333333 0.5029644268774703 0.025520833333333333 0.09486166007905138
4 0.16197916666666667 0.22233201581027667 0.009895833333333333 0.04940711462450593
4 0.09583333333333334 0.26679841897233203 0.008854166666666666 0.058300395256917
4 0.10677083333333333 0.26383399209486164 0.0125 0.06324110671936758
4 0.17135416666666667 0.21936758893280633 0.009895833333333333 0.05138339920948617
4 0.0921875 0.2707509881422925 0.010416666666666666 0.05533596837944664
2 0.45416666666666666 0.2816205533596838 0.00625 0.009881422924901186