3 0.35885416666666664 0.525691699604743 0.022916666666666665 0.09782608695652174
3 0.73125 0.5158102766798419 0.0203125 0.09683794466403162
3 0.6682291666666667 0.5375494071146245 0.021875 0.09980237154150198
3 0.30833333333333335 0.5454545454545454 0.021354166666666667 0.08695652173913043
3 0.7854166666666667 0.4841897233201581 0.0203125 0.09090909090909091
3 0.521875 0.5503952569169961 0.021875 0.1007905138339921
3 0.45364583333333336 0.5444664031620553 0.01875 0.09387351778656126
3 0.509375 0.20553359683794467 0.007291666666666667 0.03260869565217391
4 0.8994791666666667 0.2727272727272727 0.010416666666666666 0.05533596837944664
3 0.6072916666666667 0.2015810276679842 0.0078125 0.03260869565217391
3 0.5427083333333333 0.20454545454545456 0.0067708333333333336 0.029644268774703556
4 0.9588541666666667 0.33794466403162055 0.016666666666666666 0.06719367588932806
3 0.6182291666666667 0.2015810276679842 0.008854166666666666 0.029644268774703556
4 0.8916666666666667 0.2727272727272727 0.011458333333333333 0.05434782608695652
4 0.9692708333333333 0.34288537549407117 0.0125 0.06422924901185771
3 0.56875 0.2025691699604743 0.007291666666666667 0.029644268774703556
2 0.5625 0.1442687747035573 0.007291666666666667 0.00691699604743083
4 0.975 0.35079051383399207 0.013020833333333334 0.06521739130434782
3 0.5875 0.20553359683794467 0.0067708333333333336 0.02865612648221344
3 0.5583333333333333 0.20454545454545456 0.0078125 0.0266798418972332