3 0.39739583333333334 0.43873517786561267 0.03177083333333333 0.09288537549407115
3 0.45677083333333335 0.43379446640316205 0.0296875 0.08695652173913043
3 0.24635416666666668 0.5128458498023716 0.053125 0.12549407114624506
3 0.534375 0.33300395256917 0.01875 0.07806324110671936
3 0.7927083333333333 0.4278656126482213 0.019791666666666666 0.08695652173913043
3 0.1859375 0.5019762845849802 0.027604166666666666 0.09288537549407115
3 0.740625 0.42193675889328064 0.0171875 0.08300395256916997
3 0.45416666666666666 0.35276679841897235 0.019270833333333334 0.07806324110671936
3 0.7125 0.33794466403162055 0.0140625 0.06324110671936758
3 0.7807291666666667 0.3181818181818182 0.014583333333333334 0.058300395256917
3 0.9609375 0.45553359683794464 0.018229166666666668 0.08596837944664032
3 0.9484375 0.4733201581027668 0.021875 0.09486166007905138
3 0.9307291666666667 0.5434782608695652 0.021875 0.10375494071146245
4 0.23333333333333334 0.25592885375494073 0.010416666666666666 0.06027667984189723
4 0.22083333333333333 0.25790513833992096 0.0078125 0.05533596837944664
4 0.290625 0.21541501976284586 0.008333333333333333 0.046442687747035576
0 0.07239583333333334 0.4308300395256917 0.0078125 0.009881422924901186
4 0.2828125 0.21640316205533597 0.0078125 0.04841897233201581
4 0.21770833333333334 0.2618577075098814 0.008854166666666666 0.0533596837944664
2 0.17916666666666667 0.5187747035573123 0.011979166666666667 0.017786561264822136