3 0.628125 0.5335968379446641 0.030729166666666665 0.12450592885375494
3 0.7458333333333333 0.4990118577075099 0.034895833333333334 0.14031620553359683
3 0.10208333333333333 0.46047430830039526 0.019270833333333334 0.13636363636363635
3 0.22135416666666666 0.4407114624505929 0.01875 0.11956521739130435
3 0.815625 0.5187747035573123 0.028645833333333332 0.116600790513834
3 0.49375 0.5731225296442688 0.03125 0.13438735177865613
3 0.334375 0.6946640316205533 0.051041666666666666 0.2341897233201581
3 0.39114583333333336 0.15711462450592886 0.008854166666666666 0.036561264822134384
3 0.4765625 0.16205533596837945 0.008333333333333333 0.03260869565217391
3 0.45416666666666666 0.16106719367588934 0.008333333333333333 0.03260869565217391
3 0.37395833333333334 0.15810276679841898 0.008854166666666666 0.03260869565217391
3 0.41302083333333334 0.1600790513833992 0.0078125 0.030632411067193676
3 0.4401041666666667 0.1590909090909091 0.0078125 0.030632411067193676
4 0.034375 0.24802371541501977 0.017708333333333333 0.0691699604743083
4 0.09583333333333334 0.20652173913043478 0.009375 0.05731225296442688
3 0.428125 0.1590909090909091 0.0067708333333333336 0.029644268774703556
4 0.0234375 0.2519762845849802 0.0140625 0.06620553359683795
4 0.017708333333333333 0.25790513833992096 0.011979166666666667 0.06620553359683795
4 0.10416666666666667 0.20355731225296442 0.0109375 0.05632411067193676