3 0.71875 0.34980237154150196 0.013020833333333334 0.06719367588932806
3 0.7223958333333333 0.358695652173913 0.0328125 0.06422924901185771
3 0.5958333333333333 0.3409090909090909 0.0203125 0.058300395256917
3 0.6015625 0.35276679841897235 0.025520833333333333 0.05533596837944664
3 0.34270833333333334 0.4980237154150198 0.021354166666666667 0.07806324110671936
3 0.19270833333333334 0.4614624505928854 0.01875 0.07608695652173914
3 0.5979166666666667 0.43280632411067194 0.018229166666666668 0.07608695652173914
3 0.41458333333333336 0.3231225296442688 0.011458333333333333 0.05039525691699605
3 0.22760416666666666 0.4090909090909091 0.015625 0.06324110671936758
3 0.6166666666666667 0.41798418972332013 0.015104166666666667 0.0691699604743083
3 0.32916666666666666 0.4041501976284585 0.0125 0.07213438735177866
3 0.8973958333333333 0.4743083003952569 0.03333333333333333 0.07213438735177866
3 0.9208333333333333 0.4762845849802372 0.029166666666666667 0.07707509881422925
3 0.30625 0.30434782608695654 0.009375 0.044466403162055336
4 0.8927083333333333 0.3102766798418972 0.011458333333333333 0.06027667984189723
4 0.90625 0.3142292490118577 0.009895833333333333 0.05632411067193676
4 0.8401041666666667 0.25889328063241107 0.008854166666666666 0.05039525691699605
4 0.8317708333333333 0.25691699604743085 0.009895833333333333 0.04841897233201581
4 0.9119791666666667 0.3201581027667984 0.009895833333333333 0.05533596837944664