3 0.8786458333333333 0.5069169960474308 0.028645833333333332 0.09980237154150198
3 0.2520833333333333 0.31126482213438733 0.018229166666666668 0.0691699604743083
3 0.85 0.43379446640316205 0.022916666666666665 0.08201581027667984
3 0.240625 0.3922924901185771 0.021354166666666667 0.0800395256916996
3 0.7270833333333333 0.424901185770751 0.019270833333333334 0.08695652173913043
3 0.30833333333333335 0.31719367588932806 0.015104166666666667 0.0741106719367589
3 0.2875 0.3685770750988142 0.01875 0.07114624505928854
3 0.33489583333333334 0.3824110671936759 0.01875 0.08300395256916997
3 0.7296875 0.4990118577075099 0.025 0.0958498023715415
3 0.3536458333333333 0.4051383399209486 0.022916666666666665 0.07015810276679842
3 0.55 0.30335968379446643 0.011979166666666667 0.05533596837944664
3 0.715625 0.2984189723320158 0.013020833333333334 0.05237154150197629
3 0.45416666666666666 0.2994071146245059 0.017708333333333333 0.06225296442687747
3 0.46041666666666664 0.30533596837944665 0.019270833333333334 0.06324110671936758
4 0.09479166666666666 0.2658102766798419 0.010416666666666666 0.058300395256917
4 0.10572916666666667 0.2618577075098814 0.011979166666666667 0.06324110671936758
4 0.16197916666666667 0.22035573122529645 0.008333333333333333 0.05138339920948617
4 0.16979166666666667 0.2183794466403162 0.010416666666666666 0.05039525691699605
4 0.09114583333333333 0.2707509881422925 0.010416666666666666 0.05632411067193676