3 0.509375 0.43873517786561267 0.015625 0.08102766798418973
3 0.409375 0.47134387351778656 0.025520833333333333 0.07707509881422925
3 0.515625 0.49308300395256915 0.0171875 0.08794466403162056
3 0.7052083333333333 0.8369565217391305 0.03333333333333333 0.15019762845849802
3 0.8359375 0.9189723320158103 0.05416666666666667 0.1590909090909091
3 0.43645833333333334 0.4792490118577075 0.027083333333333334 0.08399209486166008
3 0.051041666666666666 0.7292490118577075 0.024479166666666666 0.11561264822134387
2 0.5104166666666666 0.44466403162055335 0.009375 0.010869565217391304
0 0.15885416666666666 0.39920948616600793 0.005208333333333333 0.00691699604743083
0 0.8739583333333333 0.38438735177865613 0.005208333333333333 0.007905138339920948
0 0.7786458333333334 0.2865612648221344 0.004166666666666667 0.005928853754940711