3 0.7 0.3942687747035573 0.022916666666666665 0.07905138339920949
3 0.6145833333333334 0.38735177865612647 0.017708333333333333 0.07114624505928854
3 0.7260416666666667 0.42292490118577075 0.018229166666666668 0.09486166007905138
3 0.4317708333333333 0.3092885375494071 0.015104166666666667 0.05533596837944664
3 0.2677083333333333 0.4980237154150198 0.025 0.09881422924901186
3 0.6838541666666667 0.325098814229249 0.015625 0.07312252964426877
3 0.671875 0.38438735177865613 0.019270833333333334 0.07905138339920949
3 0.14427083333333332 0.4397233201581028 0.021875 0.08102766798418973
3 0.2875 0.2974308300395257 0.013020833333333334 0.05237154150197629
3 0.7598958333333333 0.3201581027667984 0.018229166666666668 0.06620553359683795
3 0.2640625 0.43379446640316205 0.021875 0.08596837944664032
3 0.103125 0.5118577075098815 0.018229166666666668 0.1067193675889328
3 0.546875 0.3092885375494071 0.029166666666666667 0.05434782608695652
4 0.89375 0.26383399209486164 0.013541666666666667 0.06521739130434782
3 0.565625 0.30533596837944665 0.0265625 0.06324110671936758
4 0.9052083333333333 0.26778656126482214 0.009375 0.06027667984189723
4 0.8385416666666666 0.22134387351778656 0.0109375 0.05039525691699605
4 0.8302083333333333 0.22035573122529645 0.011979166666666667 0.04940711462450593
2 0.5739583333333333 0.2875494071146245 0.0067708333333333336 0.008893280632411068
4 0.9088541666666666 0.2707509881422925 0.011458333333333333 0.05632411067193676