3 0.353125 0.35375494071146246 0.019791666666666666 0.058300395256917
3 0.10364583333333334 0.5227272727272727 0.029166666666666667 0.09189723320158102
3 0.24166666666666667 0.40019762845849804 0.0140625 0.06027667984189723
3 0.6755208333333333 0.44664031620553357 0.023958333333333335 0.07114624505928854
3 0.396875 0.4199604743083004 0.015104166666666667 0.05928853754940711
3 0.44166666666666665 0.39822134387351776 0.0140625 0.058300395256917
3 0.5619791666666667 0.3577075098814229 0.018229166666666668 0.05434782608695652
3 0.3541666666666667 0.3695652173913043 0.01875 0.06126482213438735
3 0.12291666666666666 0.3893280632411067 0.015625 0.05434782608695652
3 0.5885416666666666 0.35968379446640314 0.015104166666666667 0.058300395256917
3 0.08125 0.6709486166007905 0.03229166666666667 0.10573122529644269
3 0.0234375 0.5266798418972332 0.022395833333333334 0.0800395256916996
3 0.7239583333333334 0.39723320158102765 0.01875 0.0741106719367589