3 0.6276041666666666 0.4150197628458498 0.021875 0.08201581027667984
3 0.7895833333333333 0.33695652173913043 0.016666666666666666 0.07312252964426877
3 0.41041666666666665 0.3132411067193676 0.016666666666666666 0.05632411067193676
3 0.14270833333333333 0.4407114624505929 0.019791666666666666 0.08201581027667984
3 0.29791666666666666 0.2964426877470356 0.0125 0.05533596837944664
3 0.7005208333333334 0.33300395256917 0.022916666666666665 0.06422924901185771
3 0.10104166666666667 0.5138339920948617 0.019270833333333334 0.10177865612648221
3 0.2546875 0.441699604743083 0.022395833333333334 0.07509881422924901
3 0.5552083333333333 0.2994071146245059 0.0171875 0.06422924901185771
3 0.6901041666666666 0.3893280632411067 0.022916666666666665 0.07213438735177866
3 0.56875 0.31620553359683795 0.019270833333333334 0.05434782608695652
3 0.56875 0.3695652173913043 0.019270833333333334 0.06719367588932806
3 0.6895833333333333 0.44960474308300397 0.0203125 0.08992094861660078
3 0.26197916666666665 0.5029644268774703 0.025520833333333333 0.09486166007905138
4 0.8380208333333333 0.22233201581027667 0.009895833333333333 0.04940711462450593
4 0.9041666666666667 0.26679841897233203 0.008854166666666666 0.058300395256917
4 0.8932291666666666 0.26383399209486164 0.0125 0.06324110671936758
4 0.8286458333333333 0.21936758893280633 0.009895833333333333 0.05138339920948617
4 0.9078125 0.2707509881422925 0.010416666666666666 0.05533596837944664
2 0.5458333333333333 0.2816205533596838 0.00625 0.009881422924901186