3 0.19895833333333332 0.4851778656126482 0.022395833333333334 0.08399209486166008
3 0.5234375 0.34782608695652173 0.020833333333333332 0.05533596837944664
3 0.48541666666666666 0.325098814229249 0.013020833333333334 0.05632411067193676
3 0.7864583333333334 0.4090909090909091 0.014583333333333334 0.0691699604743083
3 0.8489583333333334 0.4160079051383399 0.021875 0.07015810276679842
3 0.6661458333333333 0.3349802371541502 0.018229166666666668 0.05434782608695652
3 0.26197916666666665 0.5988142292490118 0.027083333333333334 0.0958498023715415
3 0.4078125 0.3606719367588933 0.0125 0.05138339920948617
3 0.041666666666666664 0.5563241106719368 0.022916666666666665 0.08893280632411067
3 0.134375 0.4851778656126482 0.01875 0.07509881422924901
3 0.7067708333333333 0.33201581027667987 0.019791666666666666 0.0533596837944664
3 0.6729166666666667 0.39624505928853754 0.0203125 0.07213438735177866
3 0.6854166666666667 0.38438735177865613 0.016145833333333335 0.06620553359683795
3 0.234375 0.35079051383399207 0.009895833333333333 0.05237154150197629
4 0.9890625 0.34980237154150196 0.014583333333333334 0.07114624505928854
4 0.9770833333333333 0.3458498023715415 0.014583333333333334 0.06818181818181818