3 0.6203125 0.4308300395256917 0.017708333333333333 0.09288537549407115
3 0.8864583333333333 0.45553359683794464 0.025520833333333333 0.11956521739130435
3 0.3104166666666667 0.33893280632411066 0.016145833333333335 0.06225296442687747
3 0.7 0.4160079051383399 0.026041666666666668 0.09387351778656126
3 0.8291666666666667 0.38636363636363635 0.019791666666666666 0.09782608695652174
3 0.5317708333333333 0.3784584980237154 0.017708333333333333 0.08399209486166008
3 0.50625 0.33300395256917 0.014583333333333334 0.07114624505928854
3 0.290625 0.4535573122529644 0.020833333333333332 0.0800395256916996
3 0.23697916666666666 0.32707509881422925 0.014583333333333334 0.05533596837944664
4 0.7645833333333333 0.25691699604743085 0.011458333333333333 0.05928853754940711
4 0.7739583333333333 0.25790513833992096 0.007291666666666667 0.05237154150197629
4 0.7130208333333333 0.21936758893280633 0.0078125 0.04743083003952569
3 0.08020833333333334 0.49308300395256915 0.019270833333333334 0.09881422924901186
4 0.7046875 0.21640316205533597 0.009895833333333333 0.04841897233201581
3 0.005208333333333333 0.5484189723320159 0.010416666666666666 0.05237154150197629
3 0.05520833333333333 0.475296442687747 0.019791666666666666 0.08695652173913043
3 0.10052083333333334 0.5286561264822134 0.028645833333333332 0.09782608695652174
0 0.9229166666666667 0.4308300395256917 0.0067708333333333336 0.00691699604743083
4 0.778125 0.2628458498023715 0.0078125 0.0533596837944664
3 0.28958333333333336 0.4950592885375494 0.022395833333333334 0.11067193675889328