3 0.6026041666666667 0.383399209486166 0.027083333333333334 0.07707509881422925
3 0.7692708333333333 0.325098814229249 0.022916666666666665 0.07213438735177866
3 0.6604166666666667 0.39723320158102765 0.0171875 0.07905138339920949
3 0.4234375 0.3102766798418972 0.013541666666666667 0.05632411067193676
3 0.14166666666666666 0.4407114624505929 0.0203125 0.08102766798418973
3 0.10208333333333333 0.5128458498023716 0.018229166666666668 0.10375494071146245
3 0.28958333333333336 0.2974308300395257 0.009895833333333333 0.05237154150197629
3 0.6994791666666667 0.38735177865612647 0.019791666666666666 0.07114624505928854
3 0.6838541666666667 0.3290513833992095 0.019791666666666666 0.07114624505928854
3 0.5682291666666667 0.30434782608695654 0.0203125 0.05434782608695652
3 0.2609375 0.4367588932806324 0.019791666666666666 0.08201581027667984
3 0.5619791666666667 0.3132411067193676 0.036458333333333336 0.05533596837944664
4 0.8375 0.22134387351778656 0.009895833333333333 0.04940711462450593
3 0.7104166666666667 0.4298418972332016 0.021875 0.09090909090909091
4 0.89375 0.2628458498023715 0.011979166666666667 0.06027667984189723
4 0.9046875 0.2658102766798419 0.008333333333333333 0.05731225296442688
4 0.8307291666666666 0.22035573122529645 0.011458333333333333 0.05039525691699605
3 0.26510416666666664 0.5039525691699605 0.027604166666666666 0.09288537549407115
2 0.5760416666666667 0.308300395256917 0.0067708333333333336 0.009881422924901186
4 0.9083333333333333 0.2707509881422925 0.0109375 0.05632411067193676