3 0.3494791666666667 0.4772727272727273 0.0234375 0.07707509881422925
3 0.8010416666666667 0.5019762845849802 0.025520833333333333 0.08498023715415019
3 0.40520833333333334 0.3448616600790514 0.0234375 0.0533596837944664
3 0.8177083333333334 0.6245059288537549 0.025520833333333333 0.09782608695652174
3 0.9453125 0.5731225296442688 0.025520833333333333 0.09288537549407115
3 0.2520833333333333 0.44960474308300397 0.022395833333333334 0.08201581027667984
3 0.671875 0.3883399209486166 0.0140625 0.05731225296442688
3 0.5354166666666667 0.3824110671936759 0.013020833333333334 0.05533596837944664
3 0.7734375 0.37648221343873517 0.011458333333333333 0.05731225296442688
3 0.8802083333333334 0.5019762845849802 0.0171875 0.07806324110671936
3 0.36770833333333336 0.33992094861660077 0.015625 0.04940711462450593
3 0.4921875 0.3685770750988142 0.0109375 0.058300395256917
3 0.6125 0.358695652173913 0.018229166666666668 0.06324110671936758
3 0.6078125 0.3695652173913043 0.019270833333333334 0.06027667984189723
2 0.309375 0.34288537549407117 0.0067708333333333336 0.005928853754940711