3 0.4296875 0.48616600790513836 0.022916666666666665 0.0800395256916996
3 0.07447916666666667 0.5464426877470355 0.0234375 0.0958498023715415
3 0.03333333333333333 0.7282608695652174 0.0390625 0.11462450592885376
3 0.2140625 0.4150197628458498 0.01875 0.06027667984189723
3 0.47708333333333336 0.4535573122529644 0.019270833333333334 0.06620553359683795
3 0.4036458333333333 0.3606719367588933 0.019270833333333334 0.06027667984189723
3 0.09270833333333334 0.4051383399209486 0.016666666666666666 0.05928853754940711
3 0.615625 0.3952569169960474 0.019791666666666666 0.05533596837944664
3 0.38645833333333335 0.3814229249011858 0.0171875 0.06818181818181818
3 0.0067708333333333336 0.549407114624506 0.013541666666666667 0.08596837944664032
3 0.7135416666666666 0.39031620553359686 0.022916666666666665 0.06225296442687747
3 0.7078125 0.4051383399209486 0.036458333333333336 0.058300395256917
3 0.6223958333333334 0.4140316205533597 0.016145833333333335 0.07509881422924901
2 0.703125 0.36462450592885376 0.00625 0.00691699604743083