3 0.33697916666666666 0.37549407114624506 0.026041666666666668 0.05533596837944664
3 0.3541666666666667 0.3804347826086957 0.025 0.05928853754940711
3 0.3458333333333333 0.43774703557312256 0.03802083333333333 0.07312252964426877
3 0.7614583333333333 0.6324110671936759 0.0234375 0.1067193675889328
3 0.3015625 0.4397233201581028 0.027083333333333334 0.0691699604743083
3 0.796875 0.49308300395256915 0.016666666666666666 0.08596837944664032
3 0.20416666666666666 0.3824110671936759 0.017708333333333333 0.06719367588932806
3 0.47708333333333336 0.34881422924901184 0.015625 0.05928853754940711
3 0.9677083333333333 0.5731225296442688 0.025520833333333333 0.09387351778656126
3 0.596875 0.3705533596837945 0.013541666666666667 0.05731225296442688
3 0.8791666666666667 0.49703557312252966 0.01875 0.07905138339920949
3 0.29270833333333335 0.3705533596837945 0.0203125 0.06818181818181818
3 0.7572916666666667 0.3547430830039526 0.013020833333333334 0.05434782608695652
3 0.48802083333333335 0.3211462450592885 0.013020833333333334 0.05632411067193676
4 0.020833333333333332 0.34189723320158105 0.013020833333333334 0.07114624505928854
4 0.03333333333333333 0.33794466403162055 0.015104166666666667 0.0691699604743083
2 0.3234375 0.3606719367588933 0.0067708333333333336 0.004940711462450593