3 0.42604166666666665 0.3675889328063241 0.0234375 0.06620553359683795
3 0.5567708333333333 0.3359683794466403 0.028125 0.08399209486166008
3 0.5005208333333333 0.3181818181818182 0.0171875 0.05731225296442688
3 0.8333333333333334 0.4357707509881423 0.014583333333333334 0.08498023715415019
3 0.26666666666666666 0.35375494071146246 0.022395833333333334 0.08300395256916997
3 0.6234375 0.32608695652173914 0.017708333333333333 0.058300395256917
3 0.3848958333333333 0.45652173913043476 0.040625 0.0800395256916996
3 0.9015625 0.5138339920948617 0.019270833333333334 0.10177865612648221
3 0.2375 0.3616600790513834 0.0171875 0.07213438735177866
3 0.45 0.30335968379446643 0.0140625 0.06422924901185771
3 0.7604166666666666 0.4426877470355731 0.019270833333333334 0.09090909090909091
3 0.6770833333333334 0.2885375494071146 0.011458333333333333 0.05138339920948617
3 0.7479166666666667 0.5098814229249012 0.0234375 0.09683794466403162
4 0.09791666666666667 0.26778656126482214 0.009895833333333333 0.058300395256917
4 0.171875 0.22134387351778656 0.009895833333333333 0.04841897233201581
4 0.10833333333333334 0.2648221343873518 0.0125 0.06324110671936758
4 0.16458333333333333 0.22233201581027667 0.009375 0.05039525691699605
4 0.09375 0.2707509881422925 0.009895833333333333 0.05533596837944664
3 0.3859375 0.4762845849802372 0.027604166666666666 0.08893280632411067
2 0.56875 0.30138339920948615 0.005729166666666666 0.01383399209486166