3 0.8348958333333333 0.5464426877470355 0.025 0.08695652173913043
3 0.7026041666666667 0.4031620553359684 0.015625 0.06027667984189723
3 0.9552083333333333 0.5405138339920948 0.023958333333333335 0.09090909090909091
3 0.86875 0.4990118577075099 0.021875 0.08498023715415019
3 0.425 0.35276679841897235 0.016666666666666666 0.058300395256917
3 0.41510416666666666 0.44664031620553357 0.021875 0.06225296442687747
3 0.4630208333333333 0.3458498023715415 0.0125 0.05928853754940711
3 0.5864583333333333 0.36462450592885376 0.0140625 0.058300395256917
3 0.8588541666666667 0.41007905138339923 0.013020833333333334 0.06422924901185771
3 0.61875 0.33695652173913043 0.013020833333333334 0.05039525691699605
3 0.9244791666666666 0.5079051383399209 0.022395833333333334 0.08102766798418973
3 0.5713541666666667 0.366600790513834 0.019791666666666666 0.05533596837944664
3 0.6354166666666666 0.34288537549407117 0.0109375 0.05533596837944664
3 0.396875 0.4525691699604743 0.033854166666666664 0.06225296442687747