3 0.884375 0.4525691699604743 0.022395833333333334 0.13142292490118576
3 0.37395833333333334 0.5266798418972332 0.0265625 0.12845849802371542
3 0.7802083333333333 0.4397233201581028 0.019270833333333334 0.12154150197628459
3 0.2796875 0.4782608695652174 0.028125 0.13339920948616601
3 0.21145833333333333 0.49209486166007904 0.027604166666666666 0.11166007905138339
3 0.5052083333333334 0.558300395256917 0.028645833333333332 0.1383399209486166
3 0.6088541666666667 0.15612648221343872 0.008333333333333333 0.03458498023715415
3 0.51875 0.16205533596837945 0.0078125 0.03162055335968379
3 0.5869791666666667 0.1600790513833992 0.007291666666666667 0.030632411067193676
3 0.5463541666666667 0.16106719367588934 0.008333333333333333 0.03162055335968379
3 0.6260416666666667 0.15711462450592886 0.008854166666666666 0.03162055335968379
4 0.9651041666666667 0.2490118577075099 0.0171875 0.07114624505928854
4 0.9041666666666667 0.20553359683794467 0.0109375 0.05731225296442688
4 0.9776041666666667 0.2519762845849802 0.015104166666666667 0.06719367588932806
3 0.5598958333333334 0.1600790513833992 0.0078125 0.03260869565217391
4 0.896875 0.20355731225296442 0.011979166666666667 0.05731225296442688
2 0.70625 0.5444664031620553 0.011458333333333333 0.0266798418972332
3 0.6869791666666667 0.6037549407114624 0.03802083333333333 0.17193675889328064
4 0.9828125 0.25691699604743085 0.0125 0.06620553359683795
3 0.5723958333333333 0.16106719367588934 0.007291666666666667 0.030632411067193676