3 0.765625 0.4634387351778656 0.019270833333333334 0.09189723320158102
3 0.5322916666666667 0.5207509881422925 0.0203125 0.08794466403162056
3 0.38125 0.5049407114624506 0.021875 0.09980237154150198
3 0.7197916666666667 0.48616600790513836 0.01875 0.08794466403162056
3 0.659375 0.5138339920948617 0.0203125 0.09090909090909091
3 0.4671875 0.5009881422924901 0.021875 0.08498023715415019
3 0.32916666666666666 0.5227272727272727 0.025 0.09189723320158102
3 0.6020833333333333 0.20553359683794467 0.00625 0.030632411067193676
3 0.5583333333333333 0.21047430830039526 0.009375 0.03557312252964427
3 0.5026041666666666 0.21047430830039526 0.009375 0.03162055335968379
3 0.5901041666666667 0.2124505928853755 0.008333333333333333 0.03260869565217391
3 0.5354166666666667 0.21146245059288538 0.008333333333333333 0.029644268774703556
4 0.9770833333333333 0.34782608695652173 0.0171875 0.07114624505928854
4 0.9885416666666667 0.35276679841897235 0.014583333333333334 0.0691699604743083
4 0.903125 0.2776679841897233 0.011979166666666667 0.05632411067193676
4 0.9104166666666667 0.27964426877470355 0.011979166666666667 0.05632411067193676
4 0.9942708333333333 0.3606719367588933 0.011458333333333333 0.0691699604743083
3 0.6083333333333333 0.20454545454545456 0.0067708333333333336 0.03458498023715415