3 0.7375 0.58399209486166 0.023958333333333335 0.09683794466403162
3 0.37604166666666666 0.48221343873517786 0.035416666666666666 0.07707509881422925
3 0.4348958333333333 0.47134387351778656 0.03229166666666667 0.05632411067193676
3 0.846875 0.5395256916996047 0.020833333333333332 0.09189723320158102
3 0.7291666666666666 0.49703557312252966 0.024479166666666666 0.08399209486166008
3 0.7932291666666667 0.5 0.0171875 0.07707509881422925
3 0.5786458333333333 0.39723320158102765 0.015625 0.05731225296442688
3 0.7041666666666667 0.3824110671936759 0.0140625 0.06126482213438735
3 0.34739583333333335 0.3349802371541502 0.015625 0.05928853754940711
3 0.5151041666666667 0.3883399209486166 0.0171875 0.06422924901185771
3 0.37135416666666665 0.36462450592885376 0.0140625 0.06422924901185771
3 0.5510416666666667 0.3883399209486166 0.0140625 0.06225296442687747
3 0.4703125 0.35968379446640314 0.015104166666666667 0.05731225296442688
3 0.4625 0.36264822134387353 0.016666666666666666 0.058300395256917