3 0.39166666666666666 0.5780632411067194 0.028645833333333332 0.11758893280632411
3 0.7895833333333333 0.6007905138339921 0.0265625 0.11166007905138339
3 0.6765625 0.5909090909090909 0.029166666666666667 0.10474308300395258
3 0.3255208333333333 0.6551383399209486 0.025 0.11166007905138339
3 0.5151041666666667 0.6768774703557312 0.028125 0.11956521739130435
3 0.7609375 0.6393280632411067 0.026041666666666668 0.13537549407114624
3 0.6739583333333333 0.33201581027667987 0.0125 0.05138339920948617
3 0.42552083333333335 0.31620553359683795 0.013541666666666667 0.05138339920948617
3 0.440625 0.48616600790513836 0.025 0.07312252964426877
3 0.4875 0.30138339920948615 0.0109375 0.04841897233201581
3 0.6026041666666667 0.32707509881422925 0.0125 0.058300395256917
3 0.6114583333333333 0.2717391304347826 0.013541666666666667 0.05039525691699605
3 0.44635416666666666 0.2727272727272727 0.0140625 0.042490118577075096
3 0.45364583333333336 0.30138339920948615 0.014583333333333334 0.042490118577075096
2 0.45989583333333334 0.07015810276679842 0.005208333333333333 0.004940711462450593