3 0.68125 0.567193675889328 0.0171875 0.09090909090909091
3 0.828125 0.48023715415019763 0.0203125 0.07806324110671936
3 0.2609375 0.391304347826087 0.015104166666666667 0.07806324110671936
3 0.2546875 0.3942687747035573 0.0359375 0.07509881422924901
3 0.7052083333333333 0.43873517786561267 0.014583333333333334 0.07806324110671936
3 0.3875 0.42193675889328064 0.0171875 0.06620553359683795
3 0.21458333333333332 0.5098814229249012 0.024479166666666666 0.07707509881422925
3 0.8 0.4357707509881423 0.0171875 0.06620553359683795
3 0.5859375 0.3349802371541502 0.0125 0.05138339920948617
3 0.7052083333333333 0.31620553359683795 0.010416666666666666 0.046442687747035576
3 0.3614583333333333 0.42292490118577075 0.015104166666666667 0.07312252964426877
3 0.46979166666666666 0.33992094861660077 0.013541666666666667 0.06126482213438735
3 0.43645833333333334 0.33992094861660077 0.0125 0.05237154150197629
3 0.20520833333333333 0.5365612648221344 0.022395833333333334 0.09782608695652174
4 0.05260416666666667 0.34782608695652173 0.0109375 0.06324110671936758
4 0.06458333333333334 0.34189723320158105 0.0140625 0.06620553359683795
4 0.14114583333333333 0.2776679841897233 0.009895833333333333 0.05237154150197629
4 0.1328125 0.27964426877470355 0.009895833333333333 0.0533596837944664
4 0.046875 0.3547430830039526 0.013541666666666667 0.058300395256917
2 0.26510416666666664 0.37450592885375494 0.005729166666666666 0.008893280632411068