3 0.8958333333333334 0.45948616600790515 0.020833333333333332 0.1373517786561265
3 0.3697916666666667 0.5316205533596838 0.030729166666666665 0.12450592885375494
3 0.7770833333333333 0.4397233201581028 0.019791666666666666 0.11857707509881422
3 0.503125 0.5721343873517787 0.030208333333333334 0.13339920948616601
3 0.2421875 0.5069169960474308 0.03333333333333333 0.14031620553359683
3 0.17916666666666667 0.5197628458498024 0.027083333333333334 0.116600790513834
3 0.6083333333333333 0.15612648221343872 0.008333333333333333 0.036561264822134384
3 0.65625 0.7223320158102767 0.04375 0.23122529644268774
3 0.525 0.16106719367588934 0.009375 0.03162055335968379
3 0.5864583333333333 0.1600790513833992 0.007291666666666667 0.030632411067193676
4 0.9640625 0.2490118577075099 0.0171875 0.0691699604743083
3 0.6260416666666667 0.15711462450592886 0.008854166666666666 0.03359683794466403
3 0.5479166666666667 0.16106719367588934 0.0078125 0.03359683794466403
3 0.571875 0.15711462450592886 0.007291666666666667 0.03458498023715415
4 0.975 0.25296442687747034 0.0140625 0.06620553359683795
4 0.9036458333333334 0.20553359683794467 0.009375 0.05632411067193676
3 0.5619791666666667 0.15810276679841898 0.0078125 0.03359683794466403
2 0.671875 0.6007905138339921 0.017708333333333333 0.03359683794466403
4 0.98125 0.25790513833992096 0.013541666666666667 0.06620553359683795
4 0.8953125 0.20355731225296442 0.0109375 0.05434782608695652