4 0.9375 0.28952569169960474 0.026041666666666668 0.1067193675889328
4 0.9359375 0.2717391304347826 0.024479166666666666 0.10968379446640317
4 0.725 0.24011857707509882 0.022916666666666665 0.08498023715415019
4 0.6770833333333334 0.23023715415019763 0.020833333333333332 0.0741106719367589
4 0.6109375 0.21146245059288538 0.016666666666666666 0.07114624505928854
4 0.5848958333333333 0.20652173913043478 0.015625 0.07707509881422925
4 0.5671875 0.20948616600790515 0.013541666666666667 0.06225296442687747
4 0.540625 0.19861660079051383 0.0125 0.06324110671936758
4 0.5291666666666667 0.2015810276679842 0.011458333333333333 0.06620553359683795
4 0.509375 0.1956521739130435 0.016145833333333335 0.06719367588932806
4 0.46145833333333336 0.17687747035573123 0.00625 0.06422924901185771
0 0.9213541666666667 0.33794466403162055 0.007291666666666667 0.016798418972332016
3 0.8796875 0.3359683794466403 0.042708333333333334 0.10869565217391304
2 0.8598958333333333 0.3310276679841897 0.015104166666666667 0.01383399209486166
3 0.775 0.41699604743083 0.03958333333333333 0.13043478260869565
3 0.6942708333333333 0.33300395256917 0.04635416666666667 0.10968379446640317
3 0.6947916666666667 0.4525691699604743 0.04479166666666667 0.15019762845849802
3 0.584375 0.3922924901185771 0.03958333333333333 0.1225296442687747
3 0.5208333333333334 0.22826086956521738 0.011979166666666667 0.07015810276679842
3 0.45 0.19960474308300397 0.019791666666666666 0.07608695652173914
3 0.41041666666666665 0.274703557312253 0.016666666666666666 0.10276679841897234
3 0.3390625 0.24308300395256918 0.022395833333333334 0.07608695652173914
1 0.3854166666666667 0.19861660079051383 0.0036458333333333334 0.010869565217391304
0 0.17864583333333334 0.14525691699604742 0.0036458333333333334 0.007905138339920948
0 0.128125 0.1324110671936759 0.003125 0.00691699604743083
3 0.17708333333333334 0.2519762845849802 0.0140625 0.08794466403162056
3 0.13958333333333334 0.2549407114624506 0.019791666666666666 0.08992094861660078
3 0.04635416666666667 0.5909090909090909 0.06145833333333333 0.2075098814229249