4 0.9713541666666666 0.7233201581027668 0.04479166666666667 0.18873517786561264
4 0.9822916666666667 0.66600790513834 0.035416666666666666 0.17391304347826086
4 0.9276041666666667 0.5237154150197628 0.028645833333333332 0.13142292490118576
4 0.9515625 0.5098814229249012 0.027083333333333334 0.11956521739130435
4 0.005208333333333333 0.3231225296442688 0.010416666666666666 0.06324110671936758
4 0.053125 0.3142292490118577 0.024479166666666666 0.06225296442687747
4 0.1125 0.2865612648221344 0.016666666666666666 0.07509881422924901
4 0.16822916666666668 0.26976284584980237 0.016145833333333335 0.07213438735177866
4 0.209375 0.2549407114624506 0.0125 0.06422924901185771
4 0.2552083333333333 0.23122529644268774 0.015104166666666667 0.06422924901185771
0 0.2984375 0.25889328063241107 0.0046875 0.011857707509881422
0 0.4375 0.2075098814229249 0.0036458333333333334 0.007905138339920948
0 0.9489583333333333 0.2598814229249012 0.004166666666666667 0.009881422924901186
0 0.9541666666666667 0.3577075098814229 0.005729166666666666 0.015810276679841896
2 0.5130208333333334 0.15612648221343872 0.007291666666666667 0.007905138339920948
3 0.51875 0.23122529644268774 0.0109375 0.0533596837944664
3 0.5234375 0.2440711462450593 0.0078125 0.058300395256917
3 0.5286458333333334 0.2549407114624506 0.009375 0.06225296442687747
3 0.5770833333333333 0.23023715415019763 0.011979166666666667 0.05237154150197629
3 0.6192708333333333 0.2450592885375494 0.010416666666666666 0.06422924901185771
3 0.4703125 0.19960474308300397 0.0125 0.042490118577075096
3 0.44427083333333334 0.2015810276679842 0.0109375 0.043478260869565216
3 0.4859375 0.2776679841897233 0.013020833333333334 0.06719367588932806
3 0.45625 0.2707509881422925 0.014583333333333334 0.07806324110671936
3 0.39166666666666666 0.21936758893280633 0.009895833333333333 0.03162055335968379
3 0.34322916666666664 0.3073122529644269 0.01875 0.07905138339920949
3 0.3255208333333333 0.3102766798418972 0.016145833333333335 0.08399209486166008
3 0.30885416666666665 0.25889328063241107 0.013020833333333334 0.06521739130434782
3 0.2265625 0.2727272727272727 0.013541666666666667 0.06620553359683795