3 0.43333333333333335 0.5009881422924901 0.043229166666666666 0.13537549407114624
3 0.8854166666666666 0.44466403162055335 0.0328125 0.11956521739130435
4 0.9229166666666667 0.29347826086956524 0.027604166666666666 0.08102766798418973
4 0.9947916666666666 0.30533596837944665 0.010416666666666666 0.08893280632411067
4 0.9614583333333333 0.2984189723320158 0.023958333333333335 0.08695652173913043
3 0.865625 0.424901185770751 0.0359375 0.10770750988142293
3 0.42291666666666666 0.4288537549407115 0.033854166666666664 0.0958498023715415
3 0.4739583333333333 0.3606719367588933 0.01875 0.09683794466403162
3 0.609375 0.3458498023715415 0.025 0.09090909090909091
3 0.5864583333333333 0.2826086956521739 0.021354166666666667 0.06818181818181818
3 0.49583333333333335 0.26778656126482214 0.019270833333333334 0.06225296442687747
4 0.08958333333333333 0.3181818181818182 0.018229166666666668 0.08300395256916997
3 0.5453125 0.3577075098814229 0.023958333333333335 0.09090909090909091
3 0.5375 0.3092885375494071 0.016666666666666666 0.08201581027667984
3 0.625 0.22826086956521738 0.0109375 0.05138339920948617
3 0.6052083333333333 0.24011857707509882 0.013020833333333334 0.05533596837944664
3 0.5895833333333333 0.35079051383399207 0.027604166666666666 0.09189723320158102
3 0.47708333333333336 0.308300395256917 0.016145833333333335 0.06620553359683795
1 0.9302083333333333 0.34782608695652173 0.0067708333333333336 0.016798418972332016
0 0.7114583333333333 0.20059288537549408 0.0036458333333333334 0.008893280632411068
4 0.89375 0.24802371541501977 0.027083333333333334 0.020750988142292492
0 0.3098958333333333 0.20454545454545456 0.0036458333333333334 0.008893280632411068
0 0.6760416666666667 0.17490118577075098 0.003125 0.00691699604743083
2 0.9057291666666667 0.4515810276679842 0.008854166666666666 0.011857707509881422
0 0.346875 0.17885375494071146 0.0026041666666666665 0.00691699604743083
1 0.08958333333333333 0.3577075098814229 0.005208333333333333 0.01383399209486166