3 0.5203125 0.9782608695652174 0.023958333333333335 0.043478260869565216
3 0.8083333333333333 0.8231225296442688 0.0328125 0.12549407114624506
3 0.45 0.8053359683794467 0.026041666666666668 0.12845849802371542
3 0.38229166666666664 0.700592885375494 0.021875 0.11166007905138339
3 0.09010416666666667 0.7282608695652174 0.03229166666666667 0.11166007905138339
2 0.23177083333333334 0.6442687747035574 0.008333333333333333 0.014822134387351778
3 0.22604166666666667 0.6442687747035574 0.019270833333333334 0.09090909090909091
3 0.265625 0.6106719367588933 0.03958333333333333 0.08596837944664032
3 0.2640625 0.5177865612648221 0.020833333333333332 0.06027667984189723
3 0.32447916666666665 0.4881422924901186 0.017708333333333333 0.06027667984189723
3 0.4125 0.4762845849802372 0.0234375 0.07608695652173914
3 0.48125 0.4743083003952569 0.015104166666666667 0.06620553359683795
3 0.4869791666666667 0.45849802371541504 0.011979166666666667 0.06027667984189723
3 0.4348958333333333 0.4041501976284585 0.013020833333333334 0.05731225296442688
3 0.6979166666666666 0.5158102766798419 0.0203125 0.07905138339920949
4 0.9 0.48122529644268774 0.028645833333333332 0.03458498023715415
4 0.8885416666666667 0.4535573122529644 0.015104166666666667 0.06225296442687747
4 0.915625 0.4090909090909091 0.018229166666666668 0.05632411067193676
4 0.8369791666666667 0.3339920948616601 0.009895833333333333 0.046442687747035576
4 0.0328125 0.6314229249011858 0.021875 0.07707509881422925
4 0.09947916666666666 0.5503952569169961 0.016666666666666666 0.08498023715415019
4 0.1171875 0.5365612648221344 0.017708333333333333 0.07707509881422925
4 0.14947916666666666 0.4624505928853755 0.010416666666666666 0.07213438735177866
4 0.16666666666666666 0.4209486166007905 0.011979166666666667 0.03557312252964427
4 0.23072916666666668 0.41798418972332013 0.011979166666666667 0.06324110671936758
4 0.2833333333333333 0.35079051383399207 0.0125 0.04743083003952569
1 0.815625 0.44565217391304346 0.00625 0.01383399209486166
1 0.23020833333333332 0.45553359683794464 0.005729166666666666 0.01383399209486166
0 0.3463541666666667 0.30533596837944665 0.0036458333333333334 0.007905138339920948
0 0.3697916666666667 0.274703557312253 0.0036458333333333334 0.007905138339920948
0 0.6494791666666667 0.2717391304347826 0.004166666666666667 0.007905138339920948
0 0.6765625 0.30335968379446643 0.0036458333333333334 0.007905138339920948