3 0.4317708333333333 0.5079051383399209 0.04375 0.10375494071146245
3 0.22864583333333333 0.5345849802371542 0.036458333333333336 0.10869565217391304
3 0.68125 0.5731225296442688 0.044270833333333336 0.11363636363636363
3 0.28854166666666664 0.4614624505928854 0.034375 0.06126482213438735
3 0.33541666666666664 0.4357707509881423 0.023958333333333335 0.0691699604743083
3 0.6520833333333333 0.4426877470355731 0.022916666666666665 0.08102766798418973
3 0.7135416666666666 0.5266798418972332 0.030208333333333334 0.10968379446640317
3 0.5854166666666667 0.41699604743083 0.016666666666666666 0.0741106719367589
4 0.8489583333333334 0.34288537549407117 0.015104166666666667 0.05731225296442688
3 0.775 0.41798418972332013 0.021354166666666667 0.0741106719367589
4 0.9208333333333333 0.34288537549407117 0.0140625 0.05731225296442688
3 0.6338541666666667 0.4318181818181818 0.016666666666666666 0.08201581027667984
4 0.7302083333333333 0.33695652173913043 0.011979166666666667 0.05928853754940711
3 0.39479166666666665 0.3824110671936759 0.018229166666666668 0.07015810276679842
4 0.934375 0.34980237154150196 0.0140625 0.058300395256917
4 0.9510416666666667 0.34980237154150196 0.015104166666666667 0.05928853754940711
4 0.9760416666666667 0.34881422924901184 0.0171875 0.06027667984189723
4 0.7786458333333334 0.3468379446640316 0.013541666666666667 0.04743083003952569
1 0.6682291666666667 0.3705533596837945 0.004166666666666667 0.008893280632411068
4 0.49270833333333336 0.33893280632411066 0.0109375 0.05533596837944664
4 0.46145833333333336 0.33695652173913043 0.011979166666666667 0.05138339920948617
1 0.9135416666666667 0.8458498023715415 0.011979166666666667 0.03557312252964427
4 0.9932291666666667 0.3468379446640316 0.0125 0.06126482213438735
0 0.09791666666666667 0.358695652173913 0.0046875 0.007905138339920948
4 0.4822916666666667 0.3339920948616601 0.011979166666666667 0.05039525691699605
3 0.7703125 0.41798418972332013 0.0109375 0.06818181818181818
2 0.3421875 0.4308300395256917 0.008333333333333333 0.005928853754940711