3 0.8921875 0.5879446640316206 0.034375 0.13043478260869565
3 0.7625 0.5177865612648221 0.041666666666666664 0.09090909090909091
3 0.24375 0.5553359683794467 0.0484375 0.11067193675889328
3 0.7010416666666667 0.5543478260869565 0.025520833333333333 0.11561264822134387
3 0.6760416666666667 0.4505928853754941 0.022395833333333334 0.08596837944664032
3 0.31666666666666665 0.43774703557312256 0.028645833333333332 0.07114624505928854
3 0.4015625 0.441699604743083 0.0140625 0.07213438735177866
4 0.16770833333333332 0.3468379446640316 0.0171875 0.06126482213438735
3 0.4427083333333333 0.46047430830039526 0.026041666666666668 0.07905138339920949
3 0.6229166666666667 0.40217391304347827 0.0265625 0.07114624505928854
4 0.284375 0.33893280632411066 0.0109375 0.06324110671936758
3 0.29791666666666666 0.4367588932806324 0.0171875 0.07806324110671936
4 0.23645833333333333 0.35276679841897235 0.014583333333333334 0.05237154150197629
4 0.04375 0.3547430830039526 0.015625 0.06027667984189723
4 0.5635416666666667 0.3458498023715415 0.0125 0.0533596837944664
3 0.20416666666666666 0.5652173913043478 0.03854166666666667 0.13043478260869565
4 0.021875 0.35276679841897235 0.015625 0.06126482213438735
3 0.4114583333333333 0.4268774703557312 0.019791666666666666 0.08399209486166008
4 0.09270833333333334 0.34980237154150196 0.015104166666666667 0.06719367588932806
4 0.5291666666666667 0.34782608695652173 0.009895833333333333 0.05138339920948617
0 0.9458333333333333 0.3725296442687747 0.004166666666666667 0.008893280632411068
4 0.084375 0.35375494071146246 0.016666666666666666 0.06126482213438735
4 0.5401041666666667 0.34288537549407117 0.011458333333333333 0.0533596837944664
1 0.0359375 0.9189723320158103 0.0125 0.037549407114624504
1 0.34791666666666665 0.3774703557312253 0.00625 0.011857707509881422
3 0.40677083333333336 0.4575098814229249 0.025520833333333333 0.08399209486166008