3 0.43697916666666664 0.5928853754940712 0.075 0.12154150197628459
3 0.41458333333333336 0.5108695652173914 0.033854166666666664 0.14723320158102768
3 0.6020833333333333 0.366600790513834 0.030208333333333334 0.08794466403162056
3 0.25729166666666664 0.3883399209486166 0.028645833333333332 0.1225296442687747
3 0.3645833333333333 0.29347826086956524 0.0203125 0.07114624505928854
3 0.16041666666666668 0.38735177865612647 0.0234375 0.11166007905138339
4 0.03697916666666667 0.29446640316205536 0.025 0.08695652173913043
4 0.07395833333333333 0.29051383399209485 0.030208333333333334 0.08201581027667984
3 0.4276041666666667 0.27964426877470355 0.016666666666666666 0.06719367588932806
3 0.4630208333333333 0.2984189723320158 0.017708333333333333 0.09288537549407115
3 0.4140625 0.20454545454545456 0.009375 0.042490118577075096
2 0.5291666666666667 0.549407114624506 0.017708333333333333 0.022727272727272728
4 0.9135416666666667 0.31620553359683795 0.020833333333333332 0.08695652173913043
3 0.47708333333333336 0.30138339920948615 0.021875 0.07509881422924901
3 0.5421875 0.34288537549407117 0.024479166666666666 0.07806324110671936
3 0.540625 0.30632411067193677 0.015104166666666667 0.08201581027667984
1 0.06875 0.3438735177865613 0.0067708333333333336 0.015810276679841896
0 0.28854166666666664 0.19960474308300397 0.003125 0.008893280632411068
0 0.6911458333333333 0.20355731225296442 0.0036458333333333334 0.007905138339920948
0 0.6541666666666667 0.17786561264822134 0.003125 0.00691699604743083
0 0.32395833333333335 0.17391304347826086 0.0036458333333333334 0.00691699604743083
1 0.9130208333333333 0.3547430830039526 0.005729166666666666 0.014822134387351778
3 0.41510416666666666 0.21047430830039526 0.008333333333333333 0.045454545454545456
3 0.48072916666666665 0.3241106719367589 0.016666666666666666 0.07806324110671936