2 0.8911458333333333 0.5523715415019763 0.011458333333333333 0.010869565217391304
3 0.9260416666666667 0.591897233201581 0.024479166666666666 0.11067193675889328
3 0.8515625 0.5869565217391305 0.028645833333333332 0.09189723320158102
3 0.9192708333333334 0.7164031620553359 0.021875 0.11857707509881422
3 0.9192708333333334 0.8132411067193676 0.034895833333333334 0.116600790513834
3 0.7046875 0.6857707509881423 0.036458333333333336 0.11166007905138339
3 0.6239583333333333 0.7104743083003953 0.022395833333333334 0.10968379446640317
3 0.7010416666666667 0.4901185770750988 0.028645833333333332 0.08399209486166008
3 0.6296875 0.5968379446640316 0.021354166666666667 0.08102766798418973
3 0.5854166666666667 0.558300395256917 0.0203125 0.09189723320158102
3 0.4713541666666667 0.5889328063241107 0.022395833333333334 0.10573122529644269
4 0.010416666666666666 0.44466403162055335 0.019270833333333334 0.07312252964426877
4 0.0067708333333333336 0.41007905138339923 0.013020833333333334 0.06225296442687747
4 0.6927083333333334 0.3695652173913043 0.015104166666666667 0.06324110671936758
4 0.7140625 0.3695652173913043 0.014583333333333334 0.06422924901185771
4 0.715625 0.35079051383399207 0.0140625 0.07114624505928854
4 0.678125 0.3073122529644269 0.008333333333333333 0.022727272727272728
4 0.7760416666666666 0.4090909090909091 0.0171875 0.06620553359683795
4 0.7901041666666667 0.4199604743083004 0.015104166666666667 0.07509881422924901
4 0.809375 0.4258893280632411 0.013541666666666667 0.06422924901185771
4 0.8286458333333333 0.41205533596837945 0.019270833333333334 0.06225296442687747
4 0.8713541666666667 0.4782608695652174 0.036458333333333336 0.03557312252964427
4 0.96875 0.5286561264822134 0.024479166666666666 0.08794466403162056
1 0.0546875 0.4278656126482213 0.00625 0.01383399209486166
1 0.6411458333333333 0.34980237154150196 0.0046875 0.010869565217391304
0 0.4671875 0.22529644268774704 0.0046875 0.009881422924901186
0 0.42916666666666664 0.1976284584980237 0.0046875 0.009881422924901186
0 0.12760416666666666 0.2124505928853755 0.0046875 0.009881422924901186
0 0.11875 0.2490118577075099 0.004166666666666667 0.009881422924901186