4 0.9135416666666667 0.8063241106719368 0.04479166666666667 0.16897233201581027
4 0.7963541666666667 0.8033596837944664 0.05260416666666667 0.16699604743083005
4 0.5578125 0.7144268774703557 0.0390625 0.1442687747035573
4 0.7390625 0.2628458498023715 0.013541666666666667 0.05632411067193676
4 0.6520833333333333 0.26778656126482214 0.013020833333333334 0.06027667984189723
4 0.628125 0.26877470355731226 0.013020833333333334 0.05632411067193676
4 0.6010416666666667 0.2598814229249012 0.011979166666666667 0.05237154150197629
4 0.5833333333333334 0.26679841897233203 0.011979166666666667 0.046442687747035576
4 0.5729166666666666 0.2598814229249012 0.0109375 0.05632411067193676
4 0.540625 0.2737154150197628 0.0203125 0.040513833992094864
4 0.47239583333333335 0.2658102766798419 0.0125 0.05533596837944664
4 0.39791666666666664 0.26778656126482214 0.0140625 0.05434782608695652
4 0.37552083333333336 0.2628458498023715 0.009375 0.05138339920948617
4 0.328125 0.25592885375494073 0.011458333333333333 0.05434782608695652
3 0.6447916666666667 0.31225296442687744 0.013541666666666667 0.06719367588932806
3 0.6520833333333333 0.34782608695652173 0.015625 0.07707509881422925
3 0.6265625 0.3290513833992095 0.027083333333333334 0.06422924901185771
2 0.64375 0.2964426877470356 0.007291666666666667 0.01383399209486166
3 0.7223958333333333 0.3606719367588933 0.016666666666666666 0.07312252964426877
3 0.6979166666666666 0.5059288537549407 0.03177083333333333 0.10375494071146245
3 0.5098958333333333 0.45652173913043476 0.025520833333333333 0.08893280632411067
3 0.37916666666666665 0.34881422924901184 0.0234375 0.07312252964426877
3 0.35104166666666664 0.41106719367588934 0.0265625 0.08102766798418973
3 0.32447916666666665 0.3310276679841897 0.0140625 0.06620553359683795
3 0.2833333333333333 0.3191699604743083 0.017708333333333333 0.05928853754940711
3 0.23072916666666668 0.3241106719367589 0.015625 0.06225296442687747
3 0.20208333333333334 0.3458498023715415 0.017708333333333333 0.07312252964426877
3 0.13697916666666668 0.33992094861660077 0.018229166666666668 0.06620553359683795
3 0.04739583333333333 0.35276679841897235 0.017708333333333333 0.06719367588932806
0 0.06302083333333333 0.2875494071146245 0.0046875 0.009881422924901186
0 0.30833333333333335 0.29051383399209485 0.004166666666666667 0.009881422924901186
1 0.8171875 0.2994071146245059 0.0046875 0.010869565217391304