4 0.9911458333333333 0.5958498023715415 0.017708333333333333 0.14031620553359683
4 0.9796875 0.6175889328063241 0.03333333333333333 0.16403162055335968
4 0.9786458333333333 0.3349802371541502 0.01875 0.09189723320158102
4 0.11354166666666667 0.2707509881422925 0.01875 0.07213438735177866
4 0.05416666666666667 0.30434782608695654 0.015625 0.07114624505928854
4 0.010416666666666666 0.3310276679841897 0.017708333333333333 0.08695652173913043
0 0.9104166666666667 0.3804347826086957 0.0067708333333333336 0.016798418972332016
0 0.8666666666666667 0.2658102766798419 0.005208333333333333 0.012845849802371542
0 0.325 0.22826086956521738 0.0036458333333333334 0.009881422924901186
0 0.16614583333333333 0.30138339920948615 0.0046875 0.012845849802371542
3 0.2598958333333333 0.2391304347826087 0.015104166666666667 0.05632411067193676
3 0.24947916666666667 0.2855731225296443 0.015104166666666667 0.07312252964426877
3 0.24739583333333334 0.3557312252964427 0.022395833333333334 0.09189723320158102
3 0.23958333333333334 0.3705533596837945 0.016666666666666666 0.09090909090909091
3 0.19114583333333332 0.3142292490118577 0.024479166666666666 0.0741106719367589
3 0.34270833333333334 0.33794466403162055 0.01875 0.0958498023715415
3 0.37447916666666664 0.21047430830039526 0.011979166666666667 0.04841897233201581
3 0.43385416666666665 0.21047430830039526 0.010416666666666666 0.04743083003952569
3 0.459375 0.24110671936758893 0.016145833333333335 0.05138339920948617
3 0.5046875 0.2727272727272727 0.014583333333333334 0.07213438735177866
2 0.50625 0.21739130434782608 0.005729166666666666 0.005928853754940711
3 0.41510416666666666 0.2658102766798419 0.015625 0.06422924901185771
3 0.45625 0.27865612648221344 0.009375 0.06521739130434782
3 0.39166666666666666 0.2994071146245059 0.013020833333333334 0.06818181818181818
3 0.39791666666666664 0.31719367588932806 0.01875 0.0800395256916996