3 0.7395833333333334 0.6304347826086957 0.0484375 0.19268774703557312
3 0.4739583333333333 0.6857707509881423 0.042708333333333334 0.24703557312252963
3 0.6770833333333334 0.4901185770750988 0.0296875 0.13142292490118576
3 0.5979166666666667 0.5849802371541502 0.0296875 0.1650197628458498
3 0.49635416666666665 0.2628458498023715 0.013541666666666667 0.07213438735177866
3 0.41875 0.26679841897233203 0.011979166666666667 0.07312252964426877
3 0.6010416666666667 0.4634387351778656 0.022395833333333334 0.1225296442687747
3 0.5864583333333333 0.4189723320158103 0.022916666666666665 0.12450592885375494
3 0.6833333333333333 0.9367588932806324 0.05260416666666667 0.12351778656126482
3 0.5927083333333333 0.3567193675889328 0.021354166666666667 0.09387351778656126
0 0.04375 0.3181818181818182 0.0046875 0.01383399209486166
0 0.7802083333333333 0.3181818181818182 0.0046875 0.01383399209486166
0 0.175 0.24308300395256918 0.0046875 0.010869565217391304
4 0.815625 0.2450592885375494 0.013020833333333334 0.046442687747035576
0 0.6958333333333333 0.24604743083003952 0.004166666666666667 0.010869565217391304
4 0.796875 0.24110671936758893 0.016145833333333335 0.03260869565217391