3 0.4348958333333333 0.44861660079051385 0.030729166666666665 0.14130434782608695
3 0.8182291666666667 0.4160079051383399 0.030208333333333334 0.11462450592885376
3 0.48541666666666666 0.4772727272727273 0.025520833333333333 0.13636363636363635
4 0.030208333333333334 0.28952569169960474 0.025 0.08992094861660078
4 0.06666666666666667 0.2845849802371542 0.0296875 0.08300395256916997
3 0.375 0.2994071146245059 0.019270833333333334 0.09387351778656126
3 0.7375 0.3784584980237154 0.021354166666666667 0.11363636363636363
4 0.925 0.3102766798418972 0.021354166666666667 0.08893280632411067
3 0.30052083333333335 0.29347826086956524 0.028125 0.08596837944664032
3 0.5916666666666667 0.2845849802371542 0.020833333333333332 0.0741106719367589
3 0.503125 0.28063241106719367 0.022395833333333334 0.09189723320158102
3 0.47760416666666666 0.26778656126482214 0.0140625 0.07015810276679842
3 0.475 0.19960474308300397 0.0171875 0.045454545454545456
3 0.5661458333333333 0.2845849802371542 0.01875 0.07213438735177866
3 0.5015625 0.19960474308300397 0.013541666666666667 0.046442687747035576
3 0.5723958333333333 0.2608695652173913 0.013020833333333334 0.0741106719367589
1 0.06041666666666667 0.33992094861660077 0.0067708333333333336 0.015810276679841896
0 0.2869791666666667 0.1966403162055336 0.004166666666666667 0.007905138339920948
3 0.4895833333333333 0.2875494071146245 0.019791666666666666 0.07806324110671936
0 0.6947916666666667 0.19861660079051383 0.0036458333333333334 0.008893280632411068
0 0.65625 0.17490118577075098 0.0036458333333333334 0.00691699604743083
0 0.3234375 0.17193675889328064 0.003125 0.00691699604743083
1 0.9239583333333333 0.34980237154150196 0.005729166666666666 0.01383399209486166