3 0.0375 0.5721343873517787 0.030208333333333334 0.1225296442687747
3 0.21458333333333332 0.45553359683794464 0.016145833333333335 0.09189723320158102
3 0.30104166666666665 0.475296442687747 0.0203125 0.08794466403162056
3 0.3541666666666667 0.47035573122529645 0.018229166666666668 0.08596837944664032
3 0.08072916666666667 0.4535573122529644 0.029166666666666667 0.0800395256916996
3 0.3765625 0.48023715415019763 0.020833333333333332 0.08695652173913043
3 0.37916666666666665 0.41007905138339923 0.01875 0.0741106719367589
4 0.3453125 0.33201581027667987 0.0125 0.06126482213438735
4 0.1265625 0.3922924901185771 0.016666666666666666 0.06620553359683795
4 0.16770833333333332 0.38735177865612647 0.014583333333333334 0.06521739130434782
4 0.14635416666666667 0.38537549407114624 0.014583333333333334 0.0691699604743083
4 0.18854166666666666 0.37549407114624506 0.013020833333333334 0.06818181818181818
3 0.31666666666666665 0.4515810276679842 0.018229166666666668 0.08596837944664032
3 0.634375 0.32608695652173914 0.0078125 0.05434782608695652
4 0.06666666666666667 0.39624505928853754 0.016145833333333335 0.0741106719367589
4 0.6583333333333333 0.932806324110672 0.04114583333333333 0.1324110671936759
0 0.37916666666666665 0.36363636363636365 0.0046875 0.011857707509881422
0 0.5557291666666667 0.3241106719367589 0.0036458333333333334 0.008893280632411068
3 0.6432291666666666 0.3290513833992095 0.0125 0.05434782608695652