4 0.234375 0.8636363636363636 0.03125 0.14624505928853754
4 0.315625 0.2994071146245059 0.011979166666666667 0.05731225296442688
4 0.3932291666666667 0.3142292490118577 0.011979166666666667 0.05928853754940711
4 0.4140625 0.31521739130434784 0.011458333333333333 0.05533596837944664
4 0.4453125 0.3073122529644269 0.0109375 0.05039525691699605
4 0.459375 0.31521739130434784 0.011979166666666667 0.04841897233201581
4 0.46822916666666664 0.31225296442687744 0.011979166666666667 0.058300395256917
4 0.5015625 0.32608695652173914 0.021875 0.040513833992094864
4 0.565625 0.3241106719367589 0.019270833333333334 0.05533596837944664
4 0.6723958333333333 0.33201581027667987 0.013020833333333334 0.058300395256917
4 0.728125 0.32608695652173914 0.0140625 0.05632411067193676
4 0.7541666666666667 0.33201581027667987 0.011458333333333333 0.04940711462450593
0 0.7432291666666667 0.36561264822134387 0.004166666666666667 0.010869565217391304
1 0.23958333333333334 0.33201581027667987 0.0046875 0.009881422924901186
3 0.30052083333333335 0.4061264822134387 0.017708333333333333 0.06818181818181818
2 0.3015625 0.3952569169960474 0.0078125 0.01383399209486166
3 0.3421875 0.4367588932806324 0.04479166666666667 0.08498023715415019
3 0.5010416666666667 0.366600790513834 0.022916666666666665 0.05928853754940711
3 0.5494791666666666 0.5731225296442688 0.028645833333333332 0.07806324110671936
3 0.47291666666666665 0.599802371541502 0.03697916666666667 0.09486166007905138
3 0.7557291666666667 0.43478260869565216 0.021875 0.06324110671936758
3 0.7380208333333333 0.45849802371541504 0.0203125 0.0800395256916996
3 0.8026041666666667 0.4673913043478261 0.018229166666666668 0.0741106719367589
3 0.8270833333333333 0.49110671936758893 0.016145833333333335 0.08300395256916997
3 0.9020833333333333 0.41699604743083 0.016666666666666666 0.06719367588932806
3 0.9265625 0.45454545454545453 0.019791666666666666 0.07509881422924901
3 0.9901041666666667 0.43280632411067194 0.019270833333333334 0.06818181818181818
3 0.9947916666666666 0.516798418972332 0.010416666666666666 0.06126482213438735