3 0.5197916666666667 0.35968379446640314 0.033854166666666664 0.09782608695652174
3 0.6927083333333334 0.441699604743083 0.019791666666666666 0.0958498023715415
4 0.13854166666666667 0.2450592885375494 0.015104166666666667 0.06818181818181818
4 0.16979166666666667 0.24110671936758893 0.01875 0.06422924901185771
3 0.41875 0.28063241106719367 0.014583333333333334 0.0800395256916996
3 0.4703125 0.4308300395256917 0.025 0.05039525691699605
4 0.8953125 0.3102766798418972 0.015625 0.08102766798418973
4 0.8052083333333333 0.2598814229249012 0.013020833333333334 0.06818181818181818
4 0.065625 0.22628458498023715 0.013020833333333334 0.058300395256917
3 0.5854166666666667 0.2391304347826087 0.0125 0.05731225296442688
3 0.5333333333333333 0.29051383399209485 0.0171875 0.08695652173913043
4 0.10572916666666667 0.24703557312252963 0.01875 0.06620553359683795
4 0.9182291666666667 0.31521739130434784 0.016666666666666666 0.0800395256916996
3 0.5135416666666667 0.2341897233201581 0.013541666666666667 0.05928853754940711
3 0.46875 0.26383399209486164 0.017708333333333333 0.06324110671936758
3 0.5005208333333333 0.25296442687747034 0.0109375 0.06324110671936758
3 0.48541666666666666 0.2865612648221344 0.0140625 0.07608695652173914
1 0.16354166666666667 0.28063241106719367 0.005208333333333333 0.012845849802371542
4 0.11875 0.2608695652173913 0.015625 0.0741106719367589
3 0.559375 0.24604743083003952 0.014583333333333334 0.07114624505928854
3 0.5598958333333334 0.26877470355731226 0.013020833333333334 0.06422924901185771
4 0.9005208333333333 0.27964426877470355 0.014583333333333334 0.08300395256916997
0 0.6604166666666667 0.18478260869565216 0.003125 0.007905138339920948
0 0.3109375 0.18379446640316205 0.003125 0.007905138339920948
0 0.6322916666666667 0.16600790513833993 0.003125 0.007905138339920948
0 0.3385416666666667 0.16304347826086957 0.003125 0.00691699604743083
4 0.9125 0.3349802371541502 0.0296875 0.036561264822134384
3 0.5458333333333333 0.2816205533596838 0.014583333333333334 0.06620553359683795
3 0.47708333333333336 0.2816205533596838 0.010416666666666666 0.0741106719367589