3 0.5796875 0.5079051383399209 0.03125 0.1007905138339921
3 0.38958333333333334 0.4772727272727273 0.0296875 0.0958498023715415
3 0.21302083333333333 0.5227272727272727 0.03229166666666667 0.12055335968379446
3 0.058333333333333334 0.4268774703557312 0.023958333333333335 0.0691699604743083
3 0.09010416666666667 0.41304347826086957 0.019791666666666666 0.07114624505928854
3 0.16666666666666666 0.49308300395256915 0.027083333333333334 0.10177865612648221
3 0.3640625 0.41304347826086957 0.020833333333333332 0.06620553359683795
4 0.059375 0.3458498023715415 0.0171875 0.05632411067193676
4 0.18333333333333332 0.33794466403162055 0.011979166666666667 0.06027667984189723
3 0.5364583333333334 0.36363636363636365 0.0171875 0.06126482213438735
4 0.134375 0.35177865612648224 0.015104166666666667 0.05138339920948617
3 0.2625 0.4199604743083004 0.016666666666666666 0.07509881422924901
3 0.51875 0.3715415019762846 0.011979166666666667 0.06620553359683795
3 0.5635416666666667 0.4288537549407115 0.0296875 0.06719367588932806
3 0.5770833333333333 0.4209486166007905 0.021354166666666667 0.0741106719367589
3 0.3072916666666667 0.4061264822134387 0.021354166666666667 0.06521739130434782
4 0.4578125 0.3310276679841897 0.011458333333333333 0.05138339920948617
0 0.9875 0.33201581027667987 0.004166666666666667 0.008893280632411068
1 0.25052083333333336 0.3705533596837945 0.005208333333333333 0.011857707509881422
0 0.7932291666666667 0.34288537549407117 0.004166666666666667 0.00691699604743083
3 0.31666666666666665 0.4090909090909091 0.027604166666666666 0.07213438735177866
1 0.05625 0.8221343873517787 0.011979166666666667 0.03458498023715415
4 0.4359375 0.3290513833992095 0.0109375 0.05039525691699605
4 0.4265625 0.33695652173913043 0.008854166666666666 0.05039525691699605
2 0.5802083333333333 0.41007905138339923 0.007291666666666667 0.01383399209486166