3 0.9614583333333333 0.5770750988142292 0.05520833333333333 0.15810276679841898
3 0.5005208333333333 0.5217391304347826 0.03125 0.18675889328063242
3 0.6135416666666667 0.47035573122529645 0.03177083333333333 0.13636363636363635
3 0.6828125 0.466403162055336 0.027083333333333334 0.14031620553359683
3 0.5536458333333333 0.33794466403162055 0.020833333333333332 0.09881422924901186
3 0.5854166666666667 0.2964426877470356 0.020833333333333332 0.07509881422924901
3 0.434375 0.2450592885375494 0.015104166666666667 0.05928853754940711
3 0.76875 0.8458498023715415 0.06822916666666666 0.2865612648221344
3 0.6229166666666667 0.39031620553359686 0.022395833333333334 0.10770750988142293
4 0.9791666666666666 0.29150197628458496 0.0171875 0.08695652173913043
3 0.5088541666666667 0.2341897233201581 0.015625 0.07707509881422925
3 0.6552083333333333 0.3824110671936759 0.016145833333333335 0.10276679841897234
0 0.109375 0.283596837944664 0.0046875 0.012845849802371542
0 0.20989583333333334 0.22430830039525693 0.004166666666666667 0.010869565217391304
4 0.7744791666666667 0.21541501976284586 0.016666666666666666 0.044466403162055336
0 0.7515625 0.2826086956521739 0.0046875 0.009881422924901186
0 0.6817708333333333 0.22628458498023715 0.004166666666666667 0.009881422924901186
3 0.875 0.9337944664031621 0.07291666666666667 0.13142292490118576
4 0.7864583333333334 0.22035573122529645 0.013020833333333334 0.044466403162055336