3 0.6973958333333333 0.4525691699604743 0.020833333333333332 0.12450592885375494
3 0.5677083333333334 0.37549407114624506 0.021354166666666667 0.1007905138339921
3 0.471875 0.4258893280632411 0.03229166666666667 0.06422924901185771
4 0.134375 0.2490118577075099 0.015104166666666667 0.0691699604743083
4 0.16354166666666667 0.2450592885375494 0.019270833333333334 0.06620553359683795
3 0.4239583333333333 0.30237154150197626 0.015104166666666667 0.08695652173913043
4 0.8109375 0.2618577075098814 0.013541666666666667 0.07213438735177866
4 0.057291666666666664 0.23023715415019763 0.014583333333333334 0.06027667984189723
4 0.9052083333333333 0.31225296442687744 0.018229166666666668 0.07707509881422925
3 0.525 0.28952569169960474 0.013541666666666667 0.08794466403162056
4 0.09791666666666667 0.25 0.016145833333333335 0.06620553359683795
3 0.5885416666666666 0.24703557312252963 0.0125 0.06422924901185771
3 0.509375 0.2381422924901186 0.011979166666666667 0.05928853754940711
3 0.43697916666666664 0.26383399209486164 0.014583333333333334 0.06620553359683795
4 0.11145833333333334 0.2658102766798419 0.018229166666666668 0.07312252964426877
3 0.5510416666666667 0.29150197628458496 0.0140625 0.07707509881422925
3 0.4713541666666667 0.2865612648221344 0.014583333333333334 0.07608695652173914
3 0.49270833333333336 0.2519762845849802 0.0125 0.06521739130434782
4 0.928125 0.31719367588932806 0.018229166666666668 0.08201581027667984
4 0.9088541666666666 0.27964426877470355 0.015625 0.07905138339920949
3 0.4828125 0.2865612648221344 0.013541666666666667 0.07806324110671936
3 0.5541666666666667 0.2440711462450593 0.011979166666666667 0.0691699604743083
1 0.15625 0.2855731225296443 0.005208333333333333 0.012845849802371542
0 0.309375 0.18379446640316205 0.0036458333333333334 0.008893280632411068
3 0.5494791666666666 0.2598814229249012 0.013541666666666667 0.06521739130434782
4 0.921875 0.3409090909090909 0.025520833333333333 0.05138339920948617
0 0.6619791666666667 0.1857707509881423 0.003125 0.00691699604743083
2 0.475 0.4298418972332016 0.010416666666666666 0.01383399209486166