3 0.5947916666666667 0.5187747035573123 0.028645833333333332 0.08498023715415019
2 0.6072916666666667 0.5247035573122529 0.011458333333333333 0.015810276679841896
3 0.346875 0.44861660079051385 0.021354166666666667 0.0800395256916996
3 0.15677083333333333 0.6363636363636364 0.025 0.11166007905138339
3 0.21354166666666666 0.7598814229249012 0.03697916666666667 0.12845849802371542
3 0.4713541666666667 0.8547430830039525 0.042708333333333334 0.0691699604743083
3 0.49375 0.7262845849802372 0.04479166666666667 0.11264822134387352
3 0.53125 0.8122529644268774 0.0375 0.1541501976284585
3 0.5213541666666667 0.5968379446640316 0.020833333333333332 0.09980237154150198
0 0.65 0.4209486166007905 0.0067708333333333336 0.01383399209486166
0 0.5744791666666667 0.3092885375494071 0.0046875 0.010869565217391304
0 0.0359375 0.34782608695652173 0.005208333333333333 0.010869565217391304