3 0.19479166666666667 0.40711462450592883 0.03854166666666667 0.11561264822134387
4 0.9619791666666667 0.29545454545454547 0.03229166666666667 0.08498023715415019
3 0.11979166666666667 0.43478260869565216 0.04010416666666667 0.12450592885375494
3 0.528125 0.3893280632411067 0.022916666666666665 0.11462450592885376
4 0.05625 0.3231225296442688 0.021354166666666667 0.09288537549407115
3 0.6 0.26383399209486164 0.021354166666666667 0.07509881422924901
3 0.534375 0.26383399209486164 0.0171875 0.08399209486166008
3 0.4015625 0.2855731225296443 0.020833333333333332 0.07707509881422925
3 0.4552083333333333 0.2885375494071146 0.016666666666666666 0.0958498023715415
3 0.46770833333333334 0.3824110671936759 0.024479166666666666 0.116600790513834
4 0.9947916666666666 0.30335968379446643 0.009895833333333333 0.08300395256916997
3 0.37083333333333335 0.24802371541501977 0.025 0.058300395256917
3 0.4265625 0.26877470355731226 0.026041666666666668 0.0691699604743083
3 0.38177083333333334 0.21442687747035574 0.0140625 0.05039525691699605
3 0.3963541666666667 0.22134387351778656 0.0140625 0.05928853754940711
3 0.41041666666666665 0.2124505928853755 0.011979166666666667 0.04743083003952569
1 0.9729166666666667 0.3577075098814229 0.007291666666666667 0.016798418972332016
2 0.09479166666666666 0.4051383399209486 0.013541666666666667 0.01383399209486166
0 0.721875 0.19861660079051383 0.0036458333333333334 0.008893280632411068
0 0.303125 0.2015810276679842 0.0036458333333333334 0.007905138339920948
0 0.3421875 0.17588932806324112 0.003125 0.00691699604743083
1 0.05520833333333333 0.36561264822134387 0.005729166666666666 0.016798418972332016
3 0.37552083333333336 0.2707509881422925 0.023958333333333335 0.06620553359683795
0 0.6833333333333333 0.17391304347826086 0.0036458333333333334 0.005928853754940711
4 0.9197916666666667 0.25 0.03333333333333333 0.018774703557312252