3 0.32916666666666666 0.633399209486166 0.030729166666666665 0.13636363636363635
3 0.22291666666666668 0.607707509881423 0.03697916666666667 0.13142292490118576
3 0.6166666666666667 0.5148221343873518 0.0328125 0.0958498023715415
3 0.46458333333333335 0.4891304347826087 0.027604166666666666 0.09189723320158102
3 0.7385416666666667 0.5296442687747036 0.041666666666666664 0.08695652173913043
3 0.5244791666666667 0.49703557312252966 0.025 0.08695652173913043
3 0.6541666666666667 0.4901185770750988 0.034895833333333334 0.09090909090909091
4 0.9395833333333333 0.36462450592885376 0.016145833333333335 0.07114624505928854
3 0.9895833333333334 0.5296442687747036 0.019270833333333334 0.06027667984189723
4 0.8307291666666666 0.36363636363636365 0.015625 0.06818181818181818
3 0.578125 0.4278656126482213 0.0203125 0.0691699604743083
4 0.7052083333333333 0.3577075098814229 0.0140625 0.06818181818181818
4 0.89375 0.366600790513834 0.01875 0.06620553359683795
3 0.5052083333333334 0.4199604743083004 0.021875 0.07114624505928854
3 0.5463541666666667 0.4288537549407115 0.021875 0.07312252964426877
3 0.7427083333333333 0.4792490118577075 0.0296875 0.0800395256916996
4 0.8427083333333333 0.3675889328063241 0.014583333333333334 0.06818181818181818
4 0.75625 0.3715415019762846 0.016145833333333335 0.05731225296442688
4 0.40625 0.3715415019762846 0.0125 0.06422924901185771
3 0.5145833333333333 0.40810276679841895 0.018229166666666668 0.06818181818181818
4 0.4395833333333333 0.37351778656126483 0.011979166666666667 0.05928853754940711
4 0.43125 0.3675889328063241 0.011979166666666667 0.05928853754940711
1 0.640625 0.40118577075098816 0.0046875 0.011857707509881422
4 0.903125 0.3616600790513834 0.0125 0.06225296442687747