4 0.9052083333333333 0.8349802371541502 0.044270833333333336 0.17292490118577075
4 0.7895833333333333 0.8330039525691699 0.0546875 0.16403162055335968
4 0.5630208333333333 0.7401185770750988 0.04114583333333333 0.1432806324110672
4 0.32708333333333334 0.2658102766798419 0.011458333333333333 0.05731225296442688
4 0.36770833333333336 0.2737154150197628 0.013541666666666667 0.04940711462450593
4 0.384375 0.27964426877470355 0.015625 0.05533596837944664
4 0.4734375 0.2756916996047431 0.011458333333333333 0.05533596837944664
4 0.5380208333333333 0.283596837944664 0.022395833333333334 0.040513833992094864
4 0.571875 0.2707509881422925 0.011458333333333333 0.05731225296442688
4 0.5817708333333333 0.2756916996047431 0.011979166666666667 0.05138339920948617
4 0.5989583333333334 0.26976284584980237 0.011979166666666667 0.05237154150197629
4 0.625 0.27865612648221344 0.0125 0.05434782608695652
4 0.65 0.27964426877470355 0.011979166666666667 0.05434782608695652
4 0.7364583333333333 0.274703557312253 0.011979166666666667 0.05731225296442688
1 0.8145833333333333 0.3092885375494071 0.004166666666666667 0.009881422924901186
0 0.3067708333333333 0.2994071146245059 0.0046875 0.008893280632411068
0 0.0625 0.2974308300395257 0.004166666666666667 0.008893280632411068
3 0.6458333333333334 0.3241106719367589 0.019270833333333334 0.06324110671936758
2 0.6380208333333334 0.3073122529644269 0.0078125 0.012845849802371542
3 0.6557291666666667 0.3557312252964427 0.0140625 0.08102766798418973
3 0.5953125 0.34189723320158105 0.025 0.06126482213438735
3 0.7052083333333333 0.36264822134387353 0.016666666666666666 0.0691699604743083
3 0.7270833333333333 0.5237154150197628 0.022395833333333334 0.09980237154150198
3 0.48333333333333334 0.4762845849802372 0.025 0.08596837944664032
3 0.43385416666666665 0.41798418972332013 0.03177083333333333 0.06620553359683795
3 0.40625 0.35276679841897235 0.0171875 0.07312252964426877
3 0.3020833333333333 0.36561264822134387 0.0171875 0.06324110671936758
3 0.31927083333333334 0.3705533596837945 0.021354166666666667 0.06818181818181818
3 0.22395833333333334 0.35177865612648224 0.015104166666666667 0.06521739130434782
3 0.2046875 0.36462450592885376 0.019791666666666666 0.07213438735177866
3 0.12291666666666666 0.3577075098814229 0.014583333333333334 0.06719367588932806
3 0.0265625 0.3705533596837945 0.014583333333333334 0.06818181818181818