3 0.43645833333333334 0.5197628458498024 0.03958333333333333 0.15316205533596838
3 0.8572916666666667 0.5701581027667985 0.0359375 0.17391304347826086
3 0.7552083333333334 0.5266798418972332 0.030729166666666665 0.1541501976284585
3 0.3458333333333333 0.4515810276679842 0.024479166666666666 0.14525691699604742
4 0.04583333333333333 0.2875494071146245 0.024479166666666666 0.08399209486166008
4 0.09166666666666666 0.2816205533596838 0.024479166666666666 0.08102766798418973
3 0.25833333333333336 0.34189723320158105 0.027604166666666666 0.09486166007905138
3 0.10625 0.40810276679841895 0.03802083333333333 0.13339920948616601
4 0.890625 0.30434782608695654 0.019791666666666666 0.08498023715415019
3 0.5515625 0.3438735177865613 0.020833333333333332 0.09980237154150198
3 0.5765625 0.2826086956521739 0.016666666666666666 0.07509881422924901
3 0.49635416666666665 0.3191699604743083 0.029166666666666667 0.08794466403162056
3 0.44375 0.308300395256917 0.024479166666666666 0.0800395256916996
4 0.008333333333333333 0.31620553359683795 0.016145833333333335 0.09288537549407115
4 0.01875 0.29347826086956524 0.021354166666666667 0.08498023715415019
3 0.48020833333333335 0.33201581027667987 0.021354166666666667 0.10375494071146245
3 0.45208333333333334 0.274703557312253 0.015625 0.06620553359683795
3 0.5020833333333333 0.28063241106719367 0.014583333333333334 0.07312252964426877
1 0.07604166666666666 0.3349802371541502 0.0067708333333333336 0.016798418972332016
3 0.484375 0.2826086956521739 0.019791666666666666 0.07509881422924901
0 0.28802083333333334 0.1956521739130435 0.003125 0.007905138339920948
0 0.6833333333333333 0.1966403162055336 0.0036458333333333334 0.007905138339920948
0 0.321875 0.17094861660079053 0.0036458333333333334 0.00691699604743083
0 0.646875 0.17292490118577075 0.0036458333333333334 0.00691699604743083
2 0.1 0.37351778656126483 0.013541666666666667 0.007905138339920948
1 0.8901041666666667 0.34189723320158105 0.005208333333333333 0.01383399209486166