3 0.6614583333333334 0.3695652173913043 0.03802083333333333 0.17490118577075098
3 0.3125 0.28952569169960474 0.030729166666666665 0.16403162055335968
3 0.5479166666666667 0.2875494071146245 0.029166666666666667 0.1383399209486166
3 0.18333333333333332 0.2875494071146245 0.0296875 0.1274703557312253
3 0.028125 0.4950592885375494 0.05572916666666667 0.21146245059288538
3 0.4791666666666667 0.2826086956521739 0.025520833333333333 0.11956521739130435
3 0.6510416666666666 0.25395256916996045 0.029166666666666667 0.11067193675889328
4 0.940625 0.1650197628458498 0.0296875 0.0741106719367589
4 0.9927083333333333 0.20553359683794467 0.0140625 0.1007905138339921
4 0.8630208333333333 0.16106719367588934 0.009375 0.06818181818181818
4 0.8234375 0.1590909090909091 0.01875 0.06620553359683795
4 0.9260416666666667 0.14723320158102768 0.0140625 0.0691699604743083
4 0.8796875 0.1590909090909091 0.014583333333333334 0.07114624505928854
4 0.11666666666666667 0.1966403162055336 0.0171875 0.07707509881422925
3 0.5390625 0.13438735177865613 0.009375 0.046442687747035576
4 0.08854166666666667 0.1976284584980237 0.016666666666666666 0.08102766798418973
3 0.5072916666666667 0.1324110671936759 0.008333333333333333 0.043478260869565216
3 0.578125 0.12648221343873517 0.008854166666666666 0.039525691699604744
3 0.4505208333333333 0.13339920948616601 0.010416666666666666 0.04940711462450593
4 0.20260416666666667 0.16699604743083005 0.014583333333333334 0.06719367588932806
3 0.4895833333333333 0.13339920948616601 0.008854166666666666 0.045454545454545456
0 0.6869791666666667 0.13339920948616601 0.0036458333333333334 0.008893280632411068
1 0.8302083333333333 0.18972332015810275 0.005729166666666666 0.012845849802371542
0 0.3416666666666667 0.13438735177865613 0.003125 0.008893280632411068
3 0.46770833333333334 0.12450592885375494 0.008333333333333333 0.03557312252964427
4 0.109375 0.17687747035573123 0.014583333333333334 0.08201581027667984
4 0.10052083333333334 0.21739130434782608 0.024479166666666666 0.037549407114624504
0 0.3692708333333333 0.12450592885375494 0.0026041666666666665 0.00691699604743083
3 0.4791666666666667 0.13043478260869565 0.0078125 0.037549407114624504
4 0.8541666666666666 0.1590909090909091 0.0140625 0.06521739130434782
1 0.20260416666666667 0.1956521739130435 0.004166666666666667 0.010869565217391304