4 0.10052083333333334 0.2865612648221344 0.020833333333333332 0.07707509881422925
4 0.03697916666666667 0.325098814229249 0.016145833333333335 0.0741106719367589
4 0.004166666666666667 0.3547430830039526 0.0078125 0.08399209486166008
0 0.9552083333333333 0.4090909090909091 0.008333333333333333 0.018774703557312252
0 0.8942708333333333 0.27865612648221344 0.0046875 0.012845849802371542
0 0.32447916666666665 0.2381422924901186 0.003125 0.010869565217391304
0 0.15625 0.31719367588932806 0.005208333333333333 0.01383399209486166
3 0.2375 0.25790513833992096 0.0125 0.06324110671936758
3 0.2671875 0.2974308300395257 0.020833333333333332 0.07509881422924901
3 0.23854166666666668 0.3290513833992095 0.016145833333333335 0.07707509881422925
3 0.26145833333333335 0.3883399209486166 0.020833333333333332 0.10177865612648221
3 0.24947916666666667 0.40810276679841895 0.027083333333333334 0.1007905138339921
3 0.3203125 0.3725296442687747 0.017708333333333333 0.10573122529644269
3 0.4010416666666667 0.21739130434782608 0.016666666666666666 0.05039525691699605
3 0.4635416666666667 0.22924901185770752 0.011979166666666667 0.05039525691699605
3 0.44114583333333335 0.25691699604743085 0.0171875 0.05928853754940711
2 0.5130208333333334 0.22529644268774704 0.0067708333333333336 0.004940711462450593
3 0.4630208333333333 0.29545454545454547 0.011979166666666667 0.07114624505928854
3 0.496875 0.2994071146245059 0.019791666666666666 0.07509881422924901
3 0.40625 0.2885375494071146 0.017708333333333333 0.058300395256917
3 0.39427083333333335 0.31126482213438733 0.018229166666666668 0.07509881422924901
3 0.4015625 0.33992094861660077 0.017708333333333333 0.08300395256916997