3 0.20833333333333334 0.5513833992094862 0.0609375 0.1383399209486166
3 0.29010416666666666 0.44466403162055335 0.03958333333333333 0.12450592885375494
3 0.3697916666666667 0.4308300395256917 0.04114583333333333 0.11956521739130435
3 0.4791666666666667 0.35177865612648224 0.03697916666666667 0.09090909090909091
2 0.6744791666666666 0.35968379446640314 0.029166666666666667 0.023715415019762844
3 0.403125 0.4031620553359684 0.034895833333333334 0.1067193675889328
4 0.4864583333333333 0.2826086956521739 0.014583333333333334 0.0691699604743083
4 0.5791666666666667 0.2924901185770751 0.0171875 0.0691699604743083
4 0.546875 0.29150197628458496 0.015104166666666667 0.07015810276679842
4 0.6473958333333333 0.29446640316205536 0.016666666666666666 0.07114624505928854
3 0.34427083333333336 0.3725296442687747 0.035416666666666666 0.0958498023715415
4 0.89375 0.2994071146245059 0.01875 0.06818181818181818
4 0.6072916666666667 0.29347826086956524 0.014583333333333334 0.0691699604743083
4 0.9729166666666667 0.3092885375494071 0.0265625 0.06324110671936758
4 0.7739583333333333 0.29545454545454547 0.017708333333333333 0.06719367588932806
4 0.7572916666666667 0.2974308300395257 0.015625 0.06818181818181818
0 0.16145833333333334 0.31225296442687744 0.005729166666666666 0.010869565217391304
0 0.46458333333333335 0.3211462450592885 0.005729166666666666 0.011857707509881422
3 0.3536458333333333 0.3577075098814229 0.029166666666666667 0.08300395256916997