3 0.7125 0.6017786561264822 0.0328125 0.1650197628458498
3 0.8197916666666667 0.8517786561264822 0.06197916666666667 0.2648221343873518
3 0.5864583333333333 0.682806324110672 0.041666666666666664 0.1966403162055336
3 0.61875 0.4950592885375494 0.027083333333333334 0.15316205533596838
3 0.41354166666666664 0.2885375494071146 0.019270833333333334 0.07905138339920949
3 0.4786458333333333 0.27964426877470355 0.017708333333333333 0.07114624505928854
3 0.6010416666666667 0.40118577075098816 0.021875 0.10869565217391304
3 0.5822916666666667 0.5197628458498024 0.030729166666666665 0.1383399209486166
4 0.8375 0.2608695652173913 0.015104166666666667 0.05632411067193676
3 0.459375 0.83399209486166 0.04895833333333333 0.30039525691699603
0 0.15208333333333332 0.25592885375494073 0.0036458333333333334 0.01383399209486166
0 0.8005208333333333 0.34288537549407117 0.0046875 0.014822134387351778
0 0.7046875 0.2598814229249012 0.004166666666666667 0.009881422924901186
4 0.809375 0.2519762845849802 0.016145833333333335 0.03458498023715415