4 0.5979166666666667 0.16699604743083005 0.009895833333333333 0.06324110671936758
4 0.5651041666666666 0.18478260869565216 0.017708333333333333 0.0691699604743083
4 0.5427083333333333 0.1907114624505929 0.015625 0.06521739130434782
4 0.5302083333333333 0.18478260869565216 0.011979166666666667 0.06521739130434782
4 0.5057291666666667 0.1966403162055336 0.015104166666666667 0.06521739130434782
4 0.48854166666666665 0.19466403162055335 0.015104166666666667 0.0741106719367589
4 0.465625 0.19960474308300397 0.013541666666666667 0.0691699604743083
4 0.4119791666666667 0.21541501976284586 0.01875 0.0691699604743083
4 0.37395833333333334 0.22430830039525693 0.016145833333333335 0.08498023715415019
4 0.18125 0.2727272727272727 0.022395833333333334 0.10375494071146245
4 0.17708333333333334 0.25889328063241107 0.022916666666666665 0.10177865612648221
0 0.9026041666666667 0.1225296442687747 0.003125 0.00691699604743083
0 0.8567708333333334 0.13537549407114624 0.0036458333333333334 0.00691699604743083
1 0.6708333333333333 0.18774703557312253 0.0046875 0.010869565217391304
3 0.8822916666666667 0.21936758893280633 0.015104166666666667 0.08102766798418973
3 0.7651041666666667 0.1857707509881423 0.016666666666666666 0.0741106719367589
3 0.8645833333333334 0.3201581027667984 0.04114583333333333 0.11363636363636363
3 0.7041666666666667 0.23616600790513834 0.0234375 0.07015810276679842
3 0.7015625 0.30237154150197626 0.029166666666666667 0.10573122529644269
3 0.6057291666666667 0.22332015810276679 0.016666666666666666 0.07213438735177866
3 0.25104166666666666 0.308300395256917 0.030729166666666665 0.10869565217391304
2 0.25729166666666664 0.33300395256917 0.016666666666666666 0.018774703557312252
3 0.2916666666666667 0.4841897233201581 0.03229166666666667 0.1600790513833992
3 0.4479166666666667 0.3784584980237154 0.043229166666666666 0.10474308300395258
3 0.4296875 0.48023715415019763 0.04479166666666667 0.1482213438735178
3 0.5276041666666667 0.4950592885375494 0.052083333333333336 0.16897233201581027
0 0.19895833333333332 0.3201581027667984 0.00625 0.015810276679841896