4 0.011979166666666667 0.3547430830039526 0.023958333333333335 0.09288537549407115
0 0.07916666666666666 0.3922924901185771 0.005729166666666666 0.015810276679841896
0 0.296875 0.2776679841897233 0.004166666666666667 0.011857707509881422
2 0.5140625 0.25889328063241107 0.00625 0.005928853754940711
0 0.96875 0.33201581027667987 0.00625 0.014822134387351778
3 0.4359375 0.24604743083003952 0.017708333333333333 0.05434782608695652
3 0.49322916666666666 0.31521739130434784 0.016145833333333335 0.07114624505928854
3 0.40989583333333335 0.37351778656126483 0.017708333333333333 0.08596837944664032
3 0.43854166666666666 0.3804347826086957 0.016666666666666666 0.08992094861660078
3 0.45364583333333336 0.4051383399209486 0.017708333333333333 0.09683794466403162
3 0.36614583333333334 0.3221343873517787 0.024479166666666666 0.07015810276679842
3 0.36041666666666666 0.43873517786561267 0.018229166666666668 0.10375494071146245
3 0.33489583333333334 0.4051383399209486 0.019270833333333334 0.08498023715415019
3 0.3 0.40810276679841895 0.0234375 0.09683794466403162
3 0.22135416666666666 0.3577075098814229 0.019270833333333334 0.09189723320158102
3 0.14895833333333333 0.33300395256917 0.015625 0.07509881422924901
3 0.18385416666666668 0.549407114624506 0.052083333333333336 0.15118577075098813
3 0.19583333333333333 0.5909090909090909 0.034895833333333334 0.14031620553359683
3 0.221875 0.5652173913043478 0.034895833333333334 0.1422924901185771