3 0.41302083333333334 0.6877470355731226 0.044270833333333336 0.16106719367588934
3 0.3963541666666667 0.558300395256917 0.0234375 0.12845849802371542
3 0.3723958333333333 0.43774703557312256 0.019791666666666666 0.10375494071146245
3 0.6364583333333333 0.466403162055336 0.021875 0.10869565217391304
3 0.5447916666666667 0.4407114624505929 0.018229166666666668 0.08399209486166008
3 0.53125 0.42193675889328064 0.0171875 0.07905138339920949
3 0.5953125 0.2608695652173913 0.009895833333333333 0.042490118577075096
3 0.4895833333333333 0.233201581027668 0.008333333333333333 0.03260869565217391
3 0.475 0.26877470355731226 0.010416666666666666 0.04743083003952569
3 0.4479166666666667 0.2984189723320158 0.0125 0.05237154150197629
3 0.4161458333333333 0.28952569169960474 0.009375 0.04841897233201581
3 0.4359375 0.2598814229249012 0.008854166666666666 0.036561264822134384
3 0.34270833333333334 0.30335968379446643 0.0140625 0.05138339920948617
4 0.06354166666666666 0.3685770750988142 0.0296875 0.03458498023715415
4 0.06770833333333333 0.3102766798418972 0.022395833333333334 0.06126482213438735
4 0.1421875 0.25889328063241107 0.009895833333333333 0.04743083003952569
4 0.6744791666666666 0.2490118577075099 0.0078125 0.044466403162055336
4 0.7223958333333333 0.28952569169960474 0.011458333333333333 0.05533596837944664
4 0.8203125 0.3221343873517787 0.011979166666666667 0.03260869565217391
4 0.8359375 0.35079051383399207 0.0109375 0.07608695652173914
4 0.8614583333333333 0.40810276679841895 0.0171875 0.08399209486166008
4 0.8869791666666667 0.4150197628458498 0.01875 0.08695652173913043
4 0.9526041666666667 0.4772727272727273 0.023958333333333335 0.07905138339920949
1 0.1546875 0.3458498023715415 0.00625 0.012845849802371542
1 0.7536458333333333 0.3547430830039526 0.005208333333333333 0.012845849802371542
0 0.6432291666666666 0.24703557312252963 0.004166666666666667 0.007905138339920948
0 0.621875 0.22529644268774704 0.004166666666666667 0.00691699604743083
0 0.33958333333333335 0.22233201581027667 0.004166666666666667 0.007905138339920948
0 0.30885416666666665 0.2440711462450593 0.003125 0.007905138339920948