3 0.07083333333333333 0.5652173913043478 0.03958333333333333 0.116600790513834
4 0.7552083333333334 0.7628458498023716 0.044270833333333336 0.18280632411067194
3 0.15208333333333332 0.5266798418972332 0.025520833333333333 0.11067193675889328
3 0.022916666666666665 0.5958498023715415 0.033854166666666664 0.13142292490118576
4 0.7921875 0.7183794466403162 0.03854166666666667 0.17588932806324112
4 0.6645833333333333 0.900197628458498 0.04010416666666667 0.1976284584980237
3 0.4791666666666667 0.4160079051383399 0.018229166666666668 0.07312252964426877
3 0.3614583333333333 0.44861660079051385 0.015104166666666667 0.08893280632411067
3 0.4354166666666667 0.44664031620553357 0.016666666666666666 0.07608695652173914
3 0.4161458333333333 0.44367588932806323 0.01875 0.07905138339920949
4 0.19010416666666666 0.36363636363636365 0.013541666666666667 0.06422924901185771
3 0.225 0.4061264822134387 0.017708333333333333 0.07806324110671936
4 0.31145833333333334 0.34782608695652173 0.011979166666666667 0.06027667984189723
4 0.03125 0.391304347826087 0.014583333333333334 0.07312252964426877
3 0.4197916666666667 0.3794466403162055 0.013541666666666667 0.06225296442687747
3 0.40520833333333334 0.39031620553359686 0.013020833333333334 0.0691699604743083
3 0.715625 0.2994071146245059 0.0109375 0.044466403162055336
4 0.41302083333333334 0.3181818181818182 0.010416666666666666 0.05434782608695652
4 0.2713541666666667 0.35177865612648224 0.0125 0.05533596837944664
4 0.23125 0.358695652173913 0.011979166666666667 0.06027667984189723
4 0.25052083333333336 0.3567193675889328 0.0109375 0.06225296442687747
0 0.5958333333333333 0.3102766798418972 0.004166666666666667 0.008893280632411068
3 0.6958333333333333 0.30138339920948615 0.0109375 0.0533596837944664
4 0.10833333333333334 0.3814229249011858 0.016145833333333335 0.06818181818181818
4 0.21614583333333334 0.3715415019762846 0.0125 0.06126482213438735
4 0.14791666666666667 0.3942687747035573 0.016666666666666666 0.06818181818181818
0 0.44479166666666664 0.3438735177865613 0.004166666666666667 0.009881422924901186
3 0.1046875 0.3932806324110672 0.014583333333333334 0.07312252964426877