3 0.1578125 0.5513833992094862 0.042708333333333334 0.16699604743083005
3 0.5197916666666667 0.4762845849802372 0.027604166666666666 0.14031620553359683
3 0.24583333333333332 0.5227272727272727 0.030729166666666665 0.15118577075098813
3 0.8989583333333333 0.4268774703557312 0.027604166666666666 0.13142292490118576
3 0.65625 0.43280632411067194 0.027604166666666666 0.1324110671936759
3 0.8213541666666667 0.3725296442687747 0.03958333333333333 0.11363636363636363
3 0.6052083333333333 0.31620553359683795 0.027604166666666666 0.0741106719367589
4 0.9583333333333334 0.29347826086956524 0.024479166666666666 0.08695652173913043
3 0.459375 0.34288537549407117 0.022395833333333334 0.09881422924901186
4 0.9125 0.2885375494071146 0.023958333333333335 0.0800395256916996
4 0.9864583333333333 0.2984189723320158 0.021354166666666667 0.08893280632411067
3 0.4390625 0.27964426877470355 0.01875 0.07015810276679842
3 0.5208333333333334 0.33300395256917 0.019270833333333334 0.10474308300395258
4 0.09583333333333334 0.3102766798418972 0.019270833333333334 0.08596837944664032
3 0.5526041666666667 0.3201581027667984 0.028125 0.0741106719367589
3 0.5104166666666666 0.2826086956521739 0.0140625 0.07707509881422925
3 0.5791666666666667 0.2648221343873518 0.0171875 0.06027667984189723
3 0.5588541666666667 0.2737154150197628 0.017708333333333333 0.06027667984189723
1 0.928125 0.3409090909090909 0.0067708333333333336 0.015810276679841896
0 0.7114583333333333 0.19861660079051383 0.0036458333333333334 0.008893280632411068
0 0.3125 0.1976284584980237 0.0036458333333333334 0.007905138339920948
0 0.3489583333333333 0.17292490118577075 0.0036458333333333334 0.00691699604743083
0 0.6770833333333334 0.17391304347826086 0.0036458333333333334 0.00691699604743083
1 0.09635416666666667 0.34782608695652173 0.005729166666666666 0.01383399209486166
4 0.8947916666666667 0.2450592885375494 0.03125 0.01383399209486166