2 0.20416666666666666 0.5721343873517787 0.011979166666666667 0.016798418972332016
3 0.2421875 0.5662055335968379 0.030729166666666665 0.08300395256916997
3 0.2875 0.6146245059288538 0.016666666666666666 0.10968379446640317
3 0.20833333333333334 0.6254940711462451 0.027604166666666666 0.10474308300395258
3 0.18645833333333334 0.6432806324110671 0.03697916666666667 0.11462450592885376
3 0.10677083333333333 0.6027667984189723 0.03177083333333333 0.10869565217391304
3 0.22760416666666666 0.8725296442687747 0.03333333333333333 0.14031620553359683
3 0.6171875 0.6620553359683794 0.015625 0.10276679841897234
3 0.659375 0.45652173913043476 0.01875 0.06818181818181818
3 0.6322916666666667 0.4308300395256917 0.0140625 0.06225296442687747
3 0.4942708333333333 0.4397233201581028 0.0125 0.06818181818181818
3 0.3963541666666667 0.48221343873517786 0.014583333333333334 0.07905138339920949
3 0.40989583333333335 0.3804347826086957 0.013541666666666667 0.05731225296442688
3 0.40677083333333336 0.3675889328063241 0.014583333333333334 0.05533596837944664
3 0.23072916666666668 0.4901185770750988 0.014583333333333334 0.07114624505928854
4 0.9020833333333333 0.4505928853754941 0.0296875 0.03557312252964427
4 0.8682291666666667 0.4140316205533597 0.014583333333333334 0.06126482213438735
4 0.8734375 0.37450592885375494 0.0109375 0.05138339920948617
4 0.8385416666666666 0.30138339920948615 0.009375 0.043478260869565216
4 0.24427083333333333 0.3577075098814229 0.011458333333333333 0.05533596837944664
4 0.18802083333333333 0.4308300395256917 0.014583333333333334 0.07608695652173914
4 0.17083333333333334 0.391304347826087 0.011979166666666667 0.03458498023715415
4 0.15260416666666668 0.43379446640316205 0.010416666666666666 0.07114624505928854
4 0.11302083333333333 0.5079051383399209 0.015625 0.07806324110671936
4 0.10208333333333333 0.5237154150197628 0.018229166666666668 0.08596837944664032
4 0.08958333333333333 0.558300395256917 0.019791666666666666 0.09486166007905138
4 0.0765625 0.5573122529644269 0.019270833333333334 0.07707509881422925
4 0.03802083333333333 0.6047430830039525 0.022395833333333334 0.07608695652173914
1 0.8171875 0.4150197628458498 0.005729166666666666 0.011857707509881422
1 0.2328125 0.424901185770751 0.0046875 0.012845849802371542
0 0.346875 0.2717391304347826 0.0036458333333333334 0.007905138339920948
0 0.3703125 0.24110671936758893 0.003125 0.007905138339920948
0 0.6505208333333333 0.23616600790513834 0.003125 0.00691699604743083
0 0.678125 0.26877470355731226 0.0036458333333333334 0.010869565217391304