4 0.14270833333333333 0.8517786561264822 0.03177083333333333 0.1482213438735178
4 0.8458333333333333 0.3725296442687747 0.0234375 0.044466403162055336
4 0.8114583333333333 0.35079051383399207 0.0140625 0.07213438735177866
4 0.7473958333333334 0.35079051383399207 0.015104166666666667 0.06719367588932806
4 0.615625 0.33201581027667987 0.011979166666666667 0.0533596837944664
4 0.5692708333333333 0.3359683794466403 0.0234375 0.040513833992094864
4 0.5369791666666667 0.3191699604743083 0.0125 0.05731225296442688
4 0.5244791666666667 0.3231225296442688 0.013541666666666667 0.05138339920948617
4 0.5151041666666667 0.3132411067193676 0.009895833333333333 0.05237154150197629
4 0.48125 0.3181818181818182 0.010416666666666666 0.0533596837944664
4 0.4635416666666667 0.31620553359683795 0.011979166666666667 0.05731225296442688
4 0.38958333333333334 0.2964426877470356 0.009375 0.05632411067193676
0 0.8239583333333333 0.39723320158102765 0.005729166666666666 0.011857707509881422
1 0.31614583333333335 0.3231225296442688 0.004166666666666667 0.010869565217391304
3 0.35104166666666664 0.40217391304347827 0.020833333333333332 0.05237154150197629
3 0.48020833333333335 0.4199604743083004 0.030729166666666665 0.08102766798418973
3 0.6015625 0.3458498023715415 0.011979166666666667 0.05928853754940711
3 0.6036458333333333 0.3715415019762846 0.015625 0.06225296442687747
3 0.946875 0.42391304347826086 0.0265625 0.06027667984189723
3 0.8822916666666667 0.4209486166007905 0.024479166666666666 0.06225296442687747
3 0.8864583333333333 0.4901185770750988 0.019791666666666666 0.07806324110671936
3 0.9875 0.48023715415019763 0.0234375 0.08399209486166008
3 0.909375 0.5098814229249012 0.021875 0.08399209486166008
3 0.8697916666666666 0.5513833992094862 0.022395833333333334 0.08992094861660078
3 0.8307291666666666 0.5177865612648221 0.01875 0.09288537549407115
3 0.890625 0.6719367588932806 0.03125 0.10474308300395258
3 0.7932291666666667 0.6521739130434783 0.03697916666666667 0.1067193675889328