4 0.09322916666666667 0.5652173913043478 0.027604166666666666 0.1482213438735178
4 0.07447916666666667 0.5464426877470355 0.027604166666666666 0.12549407114624506
4 0.0609375 0.3211462450592885 0.018229166666666668 0.08794466403162056
4 0.8828125 0.2618577075098814 0.018229166666666668 0.06719367588932806
4 0.940625 0.29150197628458496 0.011458333333333333 0.07312252964426877
4 0.9864583333333333 0.3142292490118577 0.015104166666666667 0.08498023715415019
0 0.12760416666666666 0.36363636363636365 0.0067708333333333336 0.017786561264822136
0 0.15833333333333333 0.25790513833992096 0.0046875 0.012845849802371542
0 0.6791666666666667 0.22233201581027667 0.0036458333333333334 0.010869565217391304
0 0.8333333333333334 0.2885375494071146 0.0046875 0.012845849802371542
3 0.8473958333333333 0.30434782608695654 0.021875 0.0741106719367589
3 0.7338541666666667 0.22826086956521738 0.013541666666666667 0.05434782608695652
3 0.6520833333333333 0.208498023715415 0.009895833333333333 0.04841897233201581
3 0.6046875 0.20454545454545456 0.015104166666666667 0.04841897233201581
3 0.5307291666666667 0.2381422924901186 0.013541666666666667 0.05731225296442688
3 0.49375 0.2608695652173913 0.0140625 0.06818181818181818
3 0.5614583333333333 0.2707509881422925 0.015104166666666667 0.06521739130434782
3 0.5828125 0.2509881422924901 0.0140625 0.05632411067193676
2 0.503125 0.2124505928853755 0.0067708333333333336 0.003952569169960474
3 0.6010416666666667 0.2717391304347826 0.014583333333333334 0.06126482213438735
3 0.615625 0.30434782608695654 0.015104166666666667 0.07608695652173914
3 0.6541666666666667 0.3102766798418972 0.01875 0.08695652173913043
3 0.7744791666666667 0.27865612648221344 0.020833333333333332 0.07015810276679842
3 0.7802083333333333 0.33695652173913043 0.016145833333333335 0.08992094861660078
3 0.771875 0.3468379446640316 0.020833333333333332 0.08399209486166008