3 0.8104166666666667 0.42292490118577075 0.033854166666666664 0.09288537549407115
3 0.9739583333333334 0.41007905138339923 0.0421875 0.08201581027667984
3 0.7088541666666667 0.43873517786561267 0.027083333333333334 0.09782608695652174
3 0.440625 0.4041501976284585 0.018229166666666668 0.08498023715415019
3 0.4083333333333333 0.3201581027667984 0.023958333333333335 0.0533596837944664
3 0.684375 0.3942687747035573 0.025520833333333333 0.08695652173913043
3 0.61875 0.38636363636363635 0.024479166666666666 0.07707509881422925
3 0.5666666666666667 0.41699604743083 0.020833333333333332 0.07509881422924901
3 0.6442708333333333 0.37351778656126483 0.023958333333333335 0.07015810276679842
3 0.5817708333333333 0.33695652173913043 0.013541666666666667 0.05731225296442688
3 0.5614583333333333 0.36363636363636365 0.0203125 0.06620553359683795
3 0.43385416666666665 0.35276679841897235 0.019791666666666666 0.05434782608695652
1 0.7098958333333333 0.8092885375494071 0.013541666666666667 0.03557312252964427
4 0.7828125 0.3201581027667984 0.0125 0.06225296442687747
3 0.6328125 0.3725296442687747 0.023958333333333335 0.0691699604743083
0 0.3223958333333333 0.27964426877470355 0.003125 0.007905138339920948
4 0.7484375 0.31225296442687744 0.0125 0.05138339920948617
0 0.453125 0.2994071146245059 0.004166666666666667 0.00691699604743083
1 0.9880208333333333 0.3794466403162055 0.0046875 0.010869565217391304