4 0.021354166666666667 0.31225296442687744 0.015104166666666667 0.06324110671936758
4 0.034895833333333334 0.30335968379446643 0.018229166666666668 0.06422924901185771
4 0.08229166666666667 0.308300395256917 0.024479166666666666 0.0533596837944664
4 0.14739583333333334 0.2816205533596838 0.013020833333333334 0.06126482213438735
4 0.19270833333333334 0.27865612648221344 0.013541666666666667 0.06521739130434782
4 0.2604166666666667 0.2618577075098814 0.011458333333333333 0.05138339920948617
4 0.29739583333333336 0.2509881422924901 0.013020833333333334 0.05434782608695652
4 0.3182291666666667 0.8260869565217391 0.041666666666666664 0.12549407114624506
4 0.375 0.9239130434782609 0.0296875 0.15217391304347827
4 0.45729166666666665 0.8201581027667985 0.04791666666666667 0.13932806324110672
4 0.5385416666666667 0.6571146245059288 0.030208333333333334 0.1383399209486166
4 0.9567708333333333 0.4525691699604743 0.027604166666666666 0.09782608695652174
0 0.8546875 0.48023715415019763 0.008854166666666666 0.018774703557312252
0 0.9921875 0.3616600790513834 0.007291666666666667 0.01383399209486166
0 0.5010416666666667 0.23715415019762845 0.004166666666666667 0.009881422924901186
0 0.32760416666666664 0.2776679841897233 0.0046875 0.009881422924901186
3 0.22447916666666667 0.31126482213438733 0.023958333333333335 0.06620553359683795
3 0.19375 0.33300395256917 0.0265625 0.0691699604743083
3 0.14322916666666666 0.41798418972332013 0.03125 0.09288537549407115
3 0.05520833333333333 0.4031620553359684 0.042708333333333334 0.08794466403162056
3 0.6911458333333333 0.37549407114624506 0.016145833333333335 0.08300395256916997
3 0.6036458333333333 0.42193675889328064 0.021875 0.07905138339920949
3 0.5307291666666667 0.2737154150197628 0.016145833333333335 0.05138339920948617
3 0.5114583333333333 0.2845849802371542 0.015104166666666667 0.06225296442687747
3 0.48125 0.27865612648221344 0.016666666666666666 0.05138339920948617
3 0.49375 0.30533596837944665 0.013541666666666667 0.05928853754940711
3 0.46875 0.30237154150197626 0.015104166666666667 0.05928853754940711
3 0.46197916666666666 0.32608695652173914 0.014583333333333334 0.0800395256916996
3 0.4390625 0.3221343873517787 0.025 0.06126482213438735
3 0.5276041666666667 0.33794466403162055 0.021875 0.06027667984189723