3 0.8421875 0.5513833992094862 0.042708333333333334 0.16699604743083005
3 0.48020833333333335 0.4762845849802372 0.027604166666666666 0.14031620553359683
3 0.7541666666666667 0.5227272727272727 0.030729166666666665 0.15118577075098813
3 0.10104166666666667 0.4268774703557312 0.027604166666666666 0.13142292490118576
3 0.34375 0.43280632411067194 0.027604166666666666 0.1324110671936759
3 0.17864583333333334 0.3725296442687747 0.03958333333333333 0.11363636363636363
3 0.39479166666666665 0.31620553359683795 0.027604166666666666 0.0741106719367589
4 0.041666666666666664 0.29347826086956524 0.024479166666666666 0.08695652173913043
3 0.540625 0.34288537549407117 0.022395833333333334 0.09881422924901186
4 0.0875 0.2885375494071146 0.023958333333333335 0.0800395256916996
4 0.013541666666666667 0.2984189723320158 0.021354166666666667 0.08893280632411067
3 0.5609375 0.27964426877470355 0.01875 0.07015810276679842
3 0.4791666666666667 0.33300395256917 0.019270833333333334 0.10474308300395258
4 0.9041666666666667 0.3102766798418972 0.019270833333333334 0.08596837944664032
3 0.4473958333333333 0.3201581027667984 0.028125 0.0741106719367589
3 0.4895833333333333 0.2826086956521739 0.0140625 0.07707509881422925
3 0.42083333333333334 0.2648221343873518 0.0171875 0.06027667984189723
3 0.44114583333333335 0.2737154150197628 0.017708333333333333 0.06027667984189723
1 0.071875 0.3409090909090909 0.0067708333333333336 0.015810276679841896
0 0.28854166666666664 0.19861660079051383 0.0036458333333333334 0.008893280632411068
0 0.6875 0.1976284584980237 0.0036458333333333334 0.007905138339920948
0 0.6510416666666666 0.17292490118577075 0.0036458333333333334 0.00691699604743083
0 0.3229166666666667 0.17391304347826086 0.0036458333333333334 0.00691699604743083
1 0.9036458333333334 0.34782608695652173 0.005729166666666666 0.01383399209486166
4 0.10520833333333333 0.2450592885375494 0.03125 0.01383399209486166