3 0.6973958333333333 0.43379446640316205 0.03125 0.13438735177865613
4 0.140625 0.24308300395256918 0.0140625 0.06818181818181818
4 0.17083333333333334 0.24110671936758893 0.0234375 0.06521739130434782
3 0.4171875 0.26976284584980237 0.014583333333333334 0.07707509881422925
4 0.06875 0.22430830039525693 0.0125 0.058300395256917
4 0.890625 0.30632411067193677 0.016666666666666666 0.08102766798418973
3 0.48854166666666665 0.3547430830039526 0.025 0.08794466403162056
4 0.9151041666666667 0.308300395256917 0.015625 0.07905138339920949
3 0.5380208333333333 0.29446640316205536 0.017708333333333333 0.08794466403162056
3 0.471875 0.4268774703557312 0.025 0.04743083003952569
3 0.5796875 0.23517786561264822 0.013541666666666667 0.05731225296442688
3 0.5666666666666667 0.26976284584980237 0.0125 0.06719367588932806
4 0.1125 0.24308300395256918 0.016145833333333335 0.06620553359683795
3 0.515625 0.23122529644268774 0.013020833333333334 0.05533596837944664
3 0.5026041666666666 0.25691699604743085 0.016666666666666666 0.06126482213438735
3 0.5630208333333333 0.2391304347826087 0.011458333333333333 0.06521739130434782
3 0.484375 0.2885375494071146 0.017708333333333333 0.0741106719367589
3 0.4765625 0.2816205533596838 0.014583333333333334 0.0691699604743083
4 0.8020833333333334 0.2549407114624506 0.014583333333333334 0.07213438735177866
1 0.16666666666666666 0.27865612648221344 0.005208333333333333 0.012845849802371542
3 0.47552083333333334 0.25592885375494073 0.013541666666666667 0.05138339920948617
3 0.5432291666666667 0.2707509881422925 0.015104166666666667 0.0691699604743083
4 0.8958333333333334 0.274703557312253 0.014583333333333334 0.07806324110671936
0 0.31197916666666664 0.18280632411067194 0.003125 0.007905138339920948
0 0.6588541666666666 0.18478260869565216 0.0036458333333333334 0.00691699604743083
4 0.12291666666666666 0.2598814229249012 0.015104166666666667 0.07015810276679842
0 0.3385416666666667 0.16403162055335968 0.0036458333333333334 0.00691699604743083
4 0.9083333333333333 0.3339920948616601 0.0265625 0.03557312252964427