2 0.7911458333333333 0.4871541501976285 0.010416666666666666 0.009881422924901186
3 0.709375 0.4525691699604743 0.027604166666666666 0.07905138339920949
3 0.9229166666666667 0.6758893280632411 0.01875 0.11166007905138339
3 0.8802083333333334 0.7687747035573123 0.03333333333333333 0.116600790513834
3 0.7213541666666666 0.7164031620553359 0.0296875 0.11462450592885376
3 0.734375 0.6996047430830039 0.025 0.1067193675889328
3 0.5536458333333333 0.7233201581027668 0.028645833333333332 0.11166007905138339
3 0.5973958333333333 0.6739130434782609 0.03177083333333333 0.10375494071146245
3 0.7052083333333333 0.5612648221343873 0.0265625 0.09090909090909091
3 0.7119791666666667 0.5335968379446641 0.03229166666666667 0.09486166007905138
3 0.6026041666666667 0.5049407114624506 0.016666666666666666 0.08596837944664032
4 0.559375 0.29150197628458496 0.0078125 0.017786561264822136
4 0.6057291666666667 0.3241106719367589 0.0078125 0.05731225296442688
4 0.6703125 0.3725296442687747 0.011458333333333333 0.06126482213438735
4 0.6276041666666666 0.3567193675889328 0.011979166666666667 0.0691699604743083
4 0.7609375 0.4199604743083004 0.03125 0.05138339920948617
4 0.8489583333333334 0.4575098814229249 0.0203125 0.0800395256916996
0 0.2791666666666667 0.20059288537549408 0.004166666666666667 0.008893280632411068
0 0.32864583333333336 0.22628458498023715 0.0036458333333333334 0.009881422924901186
1 0.5322916666666667 0.3339920948616601 0.0046875 0.009881422924901186