3 0.20833333333333334 0.21936758893280633 0.0453125 0.16699604743083005
3 0.4432291666666667 0.23715415019762845 0.0375 0.18280632411067194
3 0.7614583333333333 0.23517786561264822 0.043229166666666666 0.22332015810276679
3 0.9677083333333333 0.24308300395256918 0.0421875 0.17094861660079053
3 0.31979166666666664 0.27865612648221344 0.044270833333333336 0.21640316205533597
3 0.5489583333333333 0.25790513833992096 0.04010416666666667 0.17885375494071146
4 0.007291666666666667 0.14723320158102768 0.014583333333333334 0.09881422924901186
4 0.11822916666666666 0.11857707509881422 0.017708333333333333 0.06719367588932806
4 0.8927083333333333 0.14525691699604742 0.018229166666666668 0.07806324110671936
4 0.17708333333333334 0.116600790513834 0.018229166666666668 0.0691699604743083
4 0.15052083333333333 0.116600790513834 0.014583333333333334 0.07114624505928854
4 0.7984375 0.12450592885375494 0.015625 0.06620553359683795
4 0.07552083333333333 0.11363636363636363 0.014583333333333334 0.06620553359683795
4 0.13645833333333332 0.11956521739130435 0.013020833333333334 0.06719367588932806
4 0.9135416666666667 0.14723320158102768 0.0171875 0.07707509881422925
4 0.9036458333333334 0.1650197628458498 0.019270833333333334 0.037549407114624504
0 0.31354166666666666 0.11067193675889328 0.0036458333333333334 0.00691699604743083
3 0.5354166666666667 0.09683794466403162 0.0078125 0.036561264822134384
3 0.475 0.1007905138339921 0.008333333333333333 0.03458498023715415
3 0.49270833333333336 0.09881422924901186 0.0078125 0.036561264822134384
0 0.659375 0.11363636363636363 0.003125 0.007905138339920948
4 0.06927083333333334 0.1225296442687747 0.020833333333333332 0.07312252964426877
3 0.5541666666666667 0.09881422924901186 0.009375 0.042490118577075096
3 0.51875 0.09980237154150198 0.007291666666666667 0.038537549407114624
1 0.17135416666666667 0.1492094861660079 0.005208333333333333 0.010869565217391304
3 0.5052083333333334 0.1007905138339921 0.0067708333333333336 0.038537549407114624
3 0.42291666666666666 0.09881422924901186 0.0078125 0.03557312252964427
1 0.7994791666666666 0.1541501976284585 0.005208333333333333 0.008893280632411068