3 0.0515625 0.49604743083003955 0.05625 0.1650197628458498
3 0.17291666666666666 0.35968379446640314 0.0484375 0.09881422924901186
3 0.15520833333333334 0.45948616600790515 0.046875 0.1442687747035573
3 0.10989583333333333 0.4318181818181818 0.05625 0.13438735177865613
4 0.12395833333333334 0.2984189723320158 0.025520833333333333 0.07312252964426877
4 0.03697916666666667 0.30237154150197626 0.022916666666666665 0.0800395256916996
4 0.07291666666666667 0.30434782608695654 0.022395833333333334 0.07707509881422925
4 0.378125 0.2816205533596838 0.0171875 0.06027667984189723
4 0.4859375 0.2737154150197628 0.01875 0.07608695652173914
4 0.44427083333333334 0.2855731225296443 0.020833333333333332 0.05731225296442688
1 0.5729166666666666 0.30237154150197626 0.0078125 0.012845849802371542
4 0.7057291666666666 0.26778656126482214 0.016666666666666666 0.05632411067193676
4 0.7322916666666667 0.2648221343873518 0.016145833333333335 0.05039525691699605
4 0.2708333333333333 0.2865612648221344 0.0171875 0.06818181818181818
2 0.8880208333333334 0.11857707509881422 0.013020833333333334 0.008893280632411068