4 0.8328125 0.28063241106719367 0.022395833333333334 0.10770750988142293
4 0.8385416666666666 0.26679841897233203 0.019791666666666666 0.10573122529644269
4 0.625 0.22727272727272727 0.015104166666666667 0.08399209486166008
4 0.6010416666666667 0.22035573122529645 0.020833333333333332 0.0741106719367589
4 0.5416666666666666 0.2015810276679842 0.013541666666666667 0.07213438735177866
4 0.5177083333333333 0.19960474308300397 0.013541666666666667 0.07707509881422925
4 0.5010416666666667 0.20059288537549408 0.015104166666666667 0.06324110671936758
4 0.4765625 0.18675889328063242 0.011458333333333333 0.06324110671936758
4 0.4635416666666667 0.19367588932806323 0.014583333333333334 0.06521739130434782
4 0.44114583333333335 0.18675889328063242 0.019270833333333334 0.06818181818181818
4 0.40729166666666666 0.16699604743083005 0.009375 0.06126482213438735
0 0.815625 0.32806324110671936 0.00625 0.016798418972332016
3 0.7916666666666666 0.30237154150197626 0.03333333333333333 0.11363636363636363
2 0.790625 0.30237154150197626 0.0125 0.01383399209486166
3 0.6338541666666667 0.2924901185770751 0.021875 0.07608695652173914
3 0.6536458333333334 0.39031620553359686 0.033854166666666664 0.14525691699604742
3 0.5838541666666667 0.2885375494071146 0.020833333333333332 0.08399209486166008
3 0.503125 0.40711462450592883 0.03125 0.1432806324110672
1 0.3333333333333333 0.18972332015810275 0.003125 0.010869565217391304
0 0.14739583333333334 0.13537549407114624 0.003125 0.007905138339920948
0 0.10208333333333333 0.12154150197628459 0.003125 0.00691699604743083
3 0.20364583333333333 0.18181818181818182 0.013020833333333334 0.07509881422924901
3 0.15833333333333333 0.21146245059288538 0.0171875 0.07905138339920949
3 0.20104166666666667 0.2826086956521739 0.021354166666666667 0.10770750988142293
3 0.30104166666666665 0.21442687747035574 0.01875 0.0741106719367589
3 0.32760416666666664 0.2865612648221344 0.0203125 0.10276679841897234
3 0.43802083333333336 0.23221343873517786 0.016666666666666666 0.07114624505928854