4 0.025 0.2519762845849802 0.0296875 0.09683794466403162
4 0.017708333333333333 0.18675889328063242 0.01875 0.06225296442687747
1 0.9526041666666667 0.31126482213438733 0.0067708333333333336 0.017786561264822136
0 0.6838541666666667 0.15810276679841898 0.0036458333333333334 0.007905138339920948
0 0.6411458333333333 0.13537549407114624 0.003125 0.00691699604743083
0 0.2947916666666667 0.13636363636363635 0.003125 0.005928853754940711
0 0.25833333333333336 0.16304347826086957 0.0036458333333333334 0.008893280632411068
3 0.4635416666666667 0.1373517786561265 0.016666666666666666 0.040513833992094864
3 0.44375 0.1650197628458498 0.018229166666666668 0.04743083003952569
3 0.4625 0.16798418972332016 0.020833333333333332 0.0533596837944664
3 0.3984375 0.1442687747035573 0.011458333333333333 0.039525691699604744
3 0.39427083333333335 0.14723320158102768 0.016666666666666666 0.040513833992094864
3 0.3380208333333333 0.18675889328063242 0.015625 0.06126482213438735
3 0.35208333333333336 0.21739130434782608 0.028645833333333332 0.07015810276679842
3 0.3927083333333333 0.2648221343873518 0.019791666666666666 0.08695652173913043
3 0.5208333333333334 0.2075098814229249 0.018229166666666668 0.07015810276679842
3 0.5109375 0.22332015810276679 0.024479166666666666 0.07509881422924901
3 0.5645833333333333 0.25790513833992096 0.019270833333333334 0.08596837944664032
3 0.5640625 0.15711462450592886 0.013020833333333334 0.046442687747035576
3 0.571875 0.1650197628458498 0.011979166666666667 0.05434782608695652
3 0.7447916666666666 0.22134387351778656 0.01875 0.08201581027667984
1 0.009375 0.3201581027667984 0.007291666666666667 0.017786561264822136