2 0.9880208333333333 0.6274703557312253 0.013020833333333334 0.011857707509881422
3 0.9854166666666667 0.7312252964426877 0.029166666666666667 0.11067193675889328
3 0.8807291666666667 0.83399209486166 0.04583333333333333 0.1324110671936759
3 0.6364583333333333 0.6551383399209486 0.019791666666666666 0.10375494071146245
3 0.5328125 0.6126482213438735 0.022395833333333334 0.08893280632411067
3 0.6984375 0.5059288537549407 0.027083333333333334 0.09090909090909091
3 0.6609375 0.5 0.016145833333333335 0.07015810276679842
3 0.5708333333333333 0.46936758893280633 0.01875 0.08102766798418973
3 0.678125 0.4614624505928854 0.01875 0.06225296442687747
3 0.9895833333333334 0.6047430830039525 0.019791666666666666 0.07806324110671936
4 0.021354166666666667 0.5721343873517787 0.027604166666666666 0.09486166007905138
4 0.09427083333333333 0.4357707509881423 0.0328125 0.036561264822134384
4 0.1265625 0.3952569169960474 0.017708333333333333 0.06324110671936758
4 0.14583333333333334 0.36264822134387353 0.014583333333333334 0.05731225296442688
4 0.1125 0.2727272727272727 0.009895833333333333 0.045454545454545456
4 0.8046875 0.3310276679841897 0.008333333333333333 0.030632411067193676
4 0.7828125 0.3705533596837945 0.011458333333333333 0.06422924901185771
4 0.809375 0.3824110671936759 0.017708333333333333 0.06225296442687747
4 0.8348958333333333 0.37351778656126483 0.0109375 0.06719367588932806
4 0.9390625 0.4575098814229249 0.0234375 0.07707509881422925
4 0.9104166666666667 0.4733201581027668 0.020833333333333332 0.07213438735177866
4 0.89375 0.4644268774703557 0.015104166666666667 0.08399209486166008
4 0.884375 0.44762845849802374 0.018229166666666668 0.07312252964426877
4 0.98125 0.5375494071146245 0.0375 0.04743083003952569
1 0.1703125 0.3922924901185771 0.005208333333333333 0.010869565217391304
1 0.7526041666666666 0.3705533596837945 0.0046875 0.012845849802371542
0 0.603125 0.22628458498023715 0.0036458333333333334 0.007905138339920948
0 0.2708333333333333 0.233201581027668 0.0036458333333333334 0.007905138339920948
0 0.28854166666666664 0.19861660079051383 0.0036458333333333334 0.00691699604743083