3 0.9010416666666666 0.4624505928853755 0.046875 0.13932806324110672
4 0.19114583333333332 0.8675889328063241 0.07604166666666666 0.26383399209486164
3 0.9677083333333333 0.4308300395256917 0.04114583333333333 0.12648221343873517
3 0.9140625 0.37450592885375494 0.03854166666666667 0.10869565217391304
3 0.9875 0.5 0.024479166666666666 0.16798418972332016
3 0.15833333333333333 0.2658102766798419 0.0140625 0.04743083003952569
3 0.1125 0.26877470355731226 0.014583333333333334 0.05039525691699605
3 0.09791666666666667 0.2737154150197628 0.0140625 0.05434782608695652
4 0.41354166666666664 0.2608695652173913 0.013541666666666667 0.05039525691699605
3 0.0203125 0.26877470355731226 0.011458333333333333 0.05138339920948617
4 0.7822916666666667 0.2875494071146245 0.019270833333333334 0.07015810276679842
4 0.6640625 0.2756916996047431 0.013541666666666667 0.07213438735177866
4 0.43645833333333334 0.2648221343873518 0.0125 0.05434782608695652
1 0.571875 0.30335968379446643 0.005208333333333333 0.009881422924901186
4 0.9020833333333333 0.2974308300395257 0.016145833333333335 0.08498023715415019
4 0.7109375 0.29051383399209485 0.017708333333333333 0.06126482213438735
2 0.19791666666666666 0.13142292490118576 0.008854166666666666 0.00691699604743083