3 0.19583333333333333 0.5059288537549407 0.034895833333333334 0.14723320158102768
3 0.4947916666666667 0.4367588932806324 0.024479166666666666 0.1373517786561265
3 0.8864583333333333 0.43379446640316205 0.03333333333333333 0.12549407114624506
3 0.284375 0.48320158102766797 0.0296875 0.12944664031620554
4 0.990625 0.30138339920948615 0.01875 0.08893280632411067
3 0.64375 0.4090909090909091 0.033854166666666664 0.11363636363636363
3 0.8614583333333333 0.40118577075098816 0.033854166666666664 0.10968379446640317
3 0.5239583333333333 0.3310276679841897 0.016145833333333335 0.1007905138339921
3 0.64375 0.3310276679841897 0.0265625 0.08102766798418973
4 0.9177083333333333 0.29150197628458496 0.0234375 0.08300395256916997
4 0.9614583333333333 0.29545454545454547 0.0234375 0.08695652173913043
3 0.46458333333333335 0.3349802371541502 0.0171875 0.10177865612648221
4 0.08958333333333333 0.31620553359683795 0.019270833333333334 0.08695652173913043
3 0.6135416666666667 0.3310276679841897 0.020833333333333332 0.07509881422924901
3 0.5229166666666667 0.2717391304347826 0.016666666666666666 0.05632411067193676
3 0.46458333333333335 0.2766798418972332 0.015104166666666667 0.07608695652173914
3 0.5958333333333333 0.2628458498023715 0.0140625 0.07312252964426877
0 0.7114583333333333 0.19861660079051383 0.004166666666666667 0.007905138339920948
1 0.9307291666666667 0.3458498023715415 0.00625 0.015810276679841896
0 0.3098958333333333 0.20059288537549408 0.004166666666666667 0.009881422924901186
0 0.34791666666666665 0.17490118577075098 0.004166666666666667 0.007905138339920948
2 0.8755208333333333 0.41798418972332013 0.013020833333333334 0.022727272727272728
0 0.6770833333333334 0.17292490118577075 0.003125 0.00691699604743083
1 0.09010416666666667 0.35276679841897235 0.005208333333333333 0.01383399209486166