3 0.0296875 0.7944664031620553 0.058854166666666666 0.20355731225296442
3 0.4557291666666667 0.5800395256916996 0.028125 0.17193675889328064
3 0.39010416666666664 0.49407114624505927 0.027083333333333334 0.1442687747035573
3 0.32395833333333335 0.41304347826086957 0.022395833333333334 0.1225296442687747
3 0.68125 0.43478260869565216 0.022916666666666665 0.11561264822134387
3 0.5802083333333333 0.42193675889328064 0.021875 0.1007905138339921
3 0.5942708333333333 0.4051383399209486 0.022916666666666665 0.1007905138339921
3 0.3796875 0.24209486166007904 0.0109375 0.043478260869565216
3 0.4244791666666667 0.21936758893280633 0.009895833333333333 0.036561264822134384
3 0.43645833333333334 0.23221343873517786 0.0109375 0.043478260869565216
3 0.46927083333333336 0.23616600790513834 0.011979166666666667 0.044466403162055336
3 0.5901041666666667 0.21640316205533597 0.008854166666666666 0.037549407114624504
3 0.48541666666666666 0.21936758893280633 0.008854166666666666 0.039525691699604744
3 0.4864583333333333 0.1976284584980237 0.008333333333333333 0.0266798418972332
4 0.059375 0.3132411067193676 0.030729166666666665 0.036561264822134384
4 0.0640625 0.2608695652173913 0.021875 0.0741106719367589
4 0.140625 0.22430830039525693 0.008854166666666666 0.04841897233201581
4 0.6729166666666667 0.21541501976284586 0.011458333333333333 0.037549407114624504
4 0.7197916666666667 0.2450592885375494 0.011458333333333333 0.05138339920948617
4 0.821875 0.2737154150197628 0.010416666666666666 0.02766798418972332
4 0.8395833333333333 0.29545454545454547 0.009895833333333333 0.07509881422924901
4 0.8630208333333333 0.34288537549407117 0.019270833333333334 0.08596837944664032
4 0.8885416666666667 0.3468379446640316 0.019270833333333334 0.08695652173913043
4 0.9598958333333333 0.39920948616600793 0.023958333333333335 0.07905138339920949
1 0.15208333333333332 0.2974308300395257 0.0046875 0.012845849802371542
1 0.7567708333333333 0.30533596837944665 0.005208333333333333 0.012845849802371542
0 0.6447916666666667 0.2183794466403162 0.0036458333333333334 0.008893280632411068
0 0.6229166666666667 0.2015810276679842 0.0036458333333333334 0.007905138339920948
0 0.3385416666666667 0.1976284584980237 0.003125 0.00691699604743083
0 0.3078125 0.21640316205533597 0.0036458333333333334 0.009881422924901186