4 0.0953125 0.2826086956521739 0.025 0.10375494071146245
4 0.0953125 0.26679841897233203 0.023958333333333335 0.10375494071146245
4 0.29739583333333336 0.23715415019762845 0.0203125 0.08893280632411067
4 0.34375 0.22529644268774704 0.019270833333333334 0.0741106719367589
4 0.40677083333333336 0.2075098814229249 0.015104166666666667 0.07015810276679842
4 0.43020833333333336 0.20454545454545456 0.014583333333333334 0.07608695652173914
4 0.44895833333333335 0.20652173913043478 0.0140625 0.06126482213438735
4 0.48489583333333336 0.19861660079051383 0.015104166666666667 0.06521739130434782
4 0.47760416666666666 0.19367588932806323 0.0125 0.06422924901185771
4 0.5067708333333333 0.191699604743083 0.015625 0.06818181818181818
4 0.5505208333333333 0.17391304347826086 0.008854166666666666 0.06126482213438735
0 0.11145833333333334 0.3290513833992095 0.008854166666666666 0.017786561264822136
3 0.14114583333333333 0.3211462450592885 0.041666666666666664 0.10177865612648221
2 0.13125 0.325098814229249 0.013541666666666667 0.021739130434782608
3 0.146875 0.35968379446640314 0.0578125 0.12450592885375494
3 0.29739583333333336 0.3132411067193676 0.023958333333333335 0.09980237154150198
3 0.3458333333333333 0.35968379446640314 0.0296875 0.10770750988142293
3 0.3260416666666667 0.475296442687747 0.04479166666666667 0.16106719367588934
3 0.9572916666666667 0.5247035573122529 0.04739583333333333 0.18774703557312253
3 0.871875 0.2519762845849802 0.021875 0.08695652173913043
3 0.8302083333333333 0.24011857707509882 0.0203125 0.08300395256916997
0 0.8260416666666667 0.1422924901185771 0.003125 0.00691699604743083
0 0.875 0.12845849802371542 0.0036458333333333334 0.00691699604743083
1 0.625 0.19466403162055335 0.0046875 0.009881422924901186
3 0.6057291666666667 0.19268774703557312 0.020833333333333332 0.0741106719367589
3 0.6447916666666667 0.24110671936758893 0.017708333333333333 0.07905138339920949
3 0.5869791666666667 0.26778656126482214 0.019270833333333334 0.08992094861660078
3 0.5098958333333333 0.22233201581027667 0.0125 0.0691699604743083