3 0.803125 0.41304347826086957 0.036458333333333336 0.12154150197628459
4 0.027083333333333334 0.2984189723320158 0.03177083333333333 0.08596837944664032
3 0.47708333333333336 0.3814229249011858 0.0265625 0.11264822134387352
4 0.946875 0.32806324110671936 0.021875 0.09486166007905138
3 0.8901041666666667 0.44664031620553357 0.058333333333333334 0.116600790513834
3 0.41354166666666664 0.2618577075098814 0.0203125 0.07509881422924901
3 0.5333333333333333 0.3774703557312253 0.022395833333333334 0.10375494071146245
3 0.55 0.29051383399209485 0.025 0.0958498023715415
3 0.478125 0.2608695652173913 0.01875 0.08102766798418973
3 0.65 0.2727272727272727 0.024479166666666666 0.06818181818181818
3 0.5953125 0.21739130434782608 0.014583333333333334 0.05434782608695652
3 0.6083333333333333 0.21739130434782608 0.013541666666666667 0.04743083003952569
3 0.6375 0.22134387351778656 0.015104166666666667 0.05237154150197629
3 0.5953125 0.2766798418972332 0.022395833333333334 0.06620553359683795
3 0.6041666666666666 0.29051383399209485 0.0265625 0.07312252964426877
1 0.015625 0.3606719367588933 0.0067708333333333336 0.017786561264822136
3 0.628125 0.24308300395256918 0.016145833333333335 0.06422924901185771
4 0.07395833333333333 0.25 0.030729166666666665 0.017786561264822136
0 0.275 0.2015810276679842 0.004166666666666667 0.007905138339920948
0 0.3151041666666667 0.17391304347826086 0.003125 0.00691699604743083
0 0.696875 0.2025691699604743 0.0036458333333333334 0.007905138339920948
0 0.6572916666666667 0.17687747035573123 0.003125 0.00691699604743083
2 0.9135416666666667 0.42292490118577075 0.014583333333333334 0.010869565217391304
1 0.9473958333333333 0.3695652173913043 0.005729166666666666 0.01383399209486166