2 0.8416666666666667 0.516798418972332 0.009895833333333333 0.010869565217391304
3 0.825 0.5731225296442688 0.025 0.10770750988142293
3 0.9307291666666667 0.7045454545454546 0.026041666666666668 0.11462450592885376
3 0.9078125 0.7934782608695652 0.03177083333333333 0.11956521739130435
3 0.6578125 0.7154150197628458 0.029166666666666667 0.10276679841897234
3 0.7125 0.6215415019762845 0.022916666666666665 0.09980237154150198
3 0.6635416666666667 0.6442687747035574 0.022395833333333334 0.08102766798418973
3 0.7078125 0.4723320158102767 0.0296875 0.08102766798418973
3 0.71875 0.5464426877470355 0.021875 0.09288537549407115
3 0.5640625 0.6146245059288538 0.020833333333333332 0.10474308300395258
3 0.47604166666666664 0.6561264822134387 0.022395833333333334 0.10770750988142293
4 0.6578125 0.366600790513834 0.011979166666666667 0.05731225296442688
4 0.6739583333333333 0.3606719367588933 0.011979166666666667 0.06422924901185771
4 0.7234375 0.38735177865612647 0.013541666666666667 0.06225296442687747
4 0.7458333333333333 0.40118577075098816 0.017708333333333333 0.07213438735177866
4 0.7598958333333333 0.4041501976284585 0.017708333333333333 0.06126482213438735
4 0.771875 0.3893280632411067 0.018229166666666668 0.06027667984189723
4 0.8161458333333333 0.44762845849802374 0.034895833333333334 0.039525691699604744
4 0.9072916666666667 0.4901185770750988 0.025 0.08596837944664032
4 0.6177083333333333 0.2984189723320158 0.008854166666666666 0.018774703557312252
4 0.6614583333333334 0.33300395256917 0.009375 0.058300395256917
1 0.5864583333333333 0.33992094861660077 0.005729166666666666 0.011857707509881422
0 0.3984375 0.22430830039525693 0.005729166666666666 0.009881422924901186
0 0.35520833333333335 0.1966403162055336 0.0036458333333333334 0.007905138339920948
0 0.03697916666666667 0.22035573122529645 0.005208333333333333 0.008893280632411068
0 0.03333333333333333 0.2598814229249012 0.0046875 0.008893280632411068