3 0.49375 0.3942687747035573 0.0265625 0.12450592885375494
3 0.79375 0.42193675889328064 0.028645833333333332 0.14031620553359683
3 0.909375 0.4901185770750988 0.035416666666666666 0.1373517786561265
3 0.575 0.36462450592885376 0.0203125 0.10770750988142293
3 0.4666666666666667 0.2549407114624506 0.015104166666666667 0.06620553359683795
4 0.95625 0.34189723320158105 0.022395833333333334 0.1007905138339921
3 0.6984375 0.30237154150197626 0.01875 0.07509881422924901
3 0.553125 0.2974308300395257 0.015625 0.09980237154150198
3 0.5171875 0.25296442687747034 0.015625 0.06818181818181818
3 0.6010416666666667 0.22826086956521738 0.013541666666666667 0.05632411067193676
3 0.7364583333333333 0.2964426877470356 0.015625 0.08596837944664032
3 0.66875 0.2974308300395257 0.0171875 0.0800395256916996
3 0.5666666666666667 0.2025691699604743 0.013020833333333334 0.04940711462450593
3 0.6791666666666667 0.24308300395256918 0.018229166666666668 0.05928853754940711
3 0.6614583333333334 0.24110671936758893 0.018229166666666668 0.05434782608695652
0 0.259375 0.20355731225296442 0.0036458333333333334 0.008893280632411068
0 0.30364583333333334 0.17588932806324112 0.003125 0.007905138339920948
1 0.9572916666666667 0.3883399209486166 0.0067708333333333336 0.018774703557312252
2 0.6692708333333334 0.17786561264822134 0.009895833333333333 0.009881422924901186
0 0.69375 0.20553359683794467 0.0036458333333333334 0.008893280632411068
0 0.6541666666666667 0.17885375494071146 0.003125 0.008893280632411068
4 0.04375 0.25889328063241107 0.03333333333333333 0.019762845849802372