4 0.8578125 0.2727272727272727 0.018229166666666668 0.1067193675889328
4 0.8505208333333333 0.2875494071146245 0.021354166666666667 0.10968379446640317
4 0.6442708333333333 0.23122529644268774 0.017708333333333333 0.08498023715415019
4 0.6177083333333333 0.22529644268774704 0.021354166666666667 0.07213438735177866
4 0.5526041666666667 0.20553359683794467 0.013020833333333334 0.07213438735177866
4 0.5322916666666667 0.20059288537549408 0.0140625 0.07707509881422925
4 0.5109375 0.2025691699604743 0.015625 0.06521739130434782
4 0.48541666666666666 0.18972332015810275 0.011979166666666667 0.06521739130434782
4 0.47291666666666665 0.1966403162055336 0.014583333333333334 0.06719367588932806
4 0.44895833333333335 0.18774703557312253 0.018229166666666668 0.07015810276679842
4 0.4171875 0.16996047430830039 0.009895833333333333 0.06225296442687747
0 0.11197916666666667 0.1225296442687747 0.0036458333333333334 0.00691699604743083
0 0.15729166666666666 0.13636363636363635 0.003125 0.007905138339920948
1 0.3421875 0.1907114624505929 0.004166666666666667 0.010869565217391304
0 0.8333333333333334 0.3359683794466403 0.007291666666666667 0.017786561264822136
3 0.8182291666666667 0.31126482213438733 0.0296875 0.11264822134387352
2 0.8229166666666666 0.31225296442687744 0.010416666666666666 0.01383399209486166
3 0.6890625 0.35276679841897235 0.0296875 0.11264822134387352
3 0.6375 0.28952569169960474 0.024479166666666666 0.08794466403162056
3 0.5828125 0.2608695652173913 0.030208333333333334 0.07509881422924901
3 0.5453125 0.34881422924901184 0.0359375 0.11758893280632411
3 0.03125 0.45652173913043476 0.04791666666666667 0.14031620553359683
3 0.16979166666666667 0.2075098814229249 0.0140625 0.0741106719367589
3 0.19947916666666668 0.17984189723320157 0.013020833333333334 0.07312252964426877
3 0.21145833333333333 0.2756916996047431 0.022916666666666665 0.10177865612648221
3 0.284375 0.21739130434782608 0.016145833333333335 0.07608695652173914
3 0.34479166666666666 0.2766798418972332 0.0328125 0.08201581027667984
3 0.44895833333333335 0.22035573122529645 0.019791666666666666 0.06620553359683795