3 0.9135416666666667 0.48023715415019763 0.043229166666666666 0.13537549407114624
3 0.68125 0.41304347826086957 0.03177083333333333 0.1225296442687747
3 0.5114583333333333 0.44960474308300397 0.0265625 0.15316205533596838
3 0.6125 0.41304347826086957 0.026041666666666668 0.11956521739130435
3 0.5369791666666667 0.30335968379446643 0.021875 0.09288537549407115
3 0.8151041666666666 0.7598814229249012 0.053125 0.20059288537549408
3 0.4427083333333333 0.2381422924901186 0.013541666666666667 0.06126482213438735
3 0.5822916666666667 0.26679841897233203 0.011979166666666667 0.07114624505928854
3 0.43125 0.7302371541501976 0.04479166666666667 0.22134387351778656
3 0.5135416666666667 0.22727272727272727 0.011979166666666667 0.06027667984189723
3 0.3927083333333333 0.7786561264822134 0.04635416666666667 0.22529644268774704
3 0.6364583333333333 0.35177865612648224 0.0171875 0.09090909090909091
3 0.64375 0.33992094861660077 0.0171875 0.09486166007905138
0 0.14479166666666668 0.2648221343873518 0.0046875 0.011857707509881422
0 0.734375 0.2648221343873518 0.0046875 0.011857707509881422
0 0.23125 0.21442687747035574 0.0036458333333333334 0.007905138339920948
3 0.8380208333333333 0.8596837944664032 0.06145833333333333 0.2766798418972332
0 0.6734375 0.21640316205533597 0.004166666666666667 0.008893280632411068
4 0.9333333333333333 0.26679841897233203 0.013020833333333334 0.07608695652173914