3 0.8541666666666666 0.43873517786561267 0.06614583333333333 0.13537549407114624
4 0.06458333333333334 0.7322134387351779 0.071875 0.26877470355731226
4 0.38333333333333336 0.8982213438735178 0.07604166666666666 0.2015810276679842
3 0.9291666666666667 0.4782608695652174 0.04895833333333333 0.1541501976284585
3 0.9041666666666667 0.3675889328063241 0.034895833333333334 0.10869565217391304
3 0.06666666666666667 0.2707509881422925 0.016145833333333335 0.05237154150197629
3 0.9604166666666667 0.4268774703557312 0.050520833333333334 0.12944664031620554
3 0.017708333333333333 0.2875494071146245 0.015104166666666667 0.05632411067193676
4 0.8635416666666667 0.2924901185770751 0.0203125 0.07114624505928854
4 0.7364583333333333 0.27865612648221344 0.013020833333333334 0.07806324110671936
4 0.47291666666666665 0.25889328063241107 0.0125 0.05138339920948617
3 0.09791666666666667 0.26778656126482214 0.0125 0.04743083003952569
4 0.9916666666666667 0.30138339920948615 0.015104166666666667 0.0800395256916996
3 0.234375 0.26877470355731226 0.011458333333333333 0.05138339920948617
1 0.6401041666666667 0.30533596837944665 0.005208333333333333 0.010869565217391304
3 0.17708333333333334 0.2766798418972332 0.013020833333333334 0.06225296442687747
4 0.503125 0.2618577075098814 0.013020833333333334 0.05632411067193676
3 0.19166666666666668 0.26679841897233203 0.014583333333333334 0.04743083003952569
4 0.7833333333333333 0.29347826086956524 0.021875 0.05928853754940711
0 0.14010416666666667 0.2509881422924901 0.0036458333333333334 0.00691699604743083
4 0.49635416666666665 0.26383399209486164 0.011458333333333333 0.05533596837944664