4 0.7661458333333333 0.39822134387351776 0.014583333333333334 0.05731225296442688
4 0.8661458333333333 0.4525691699604743 0.017708333333333333 0.06422924901185771
4 0.9520833333333333 0.4772727272727273 0.014583333333333334 0.06620553359683795
4 0.9822916666666667 0.48122529644268774 0.014583333333333334 0.06324110671936758
0 0.19947916666666668 0.7480237154150198 0.007291666666666667 0.018774703557312252
0 0.04114583333333333 0.5424901185770751 0.00625 0.01383399209486166
0 0.5447916666666667 0.3606719367588933 0.004166666666666667 0.009881422924901186
0 0.7348958333333333 0.4298418972332016 0.0046875 0.009881422924901186
3 0.49114583333333334 0.4950592885375494 0.011979166666666667 0.05928853754940711
3 0.4505208333333333 0.5069169960474308 0.013541666666666667 0.06818181818181818
2 0.4505208333333333 0.5009881422924901 0.0078125 0.007905138339920948
3 0.3140625 0.5217391304347826 0.022395833333333334 0.06620553359683795
3 0.8348958333333333 0.6996047430830039 0.027083333333333334 0.09387351778656126