3 0.7307291666666667 0.9367588932806324 0.030208333333333334 0.12648221343873517
3 0.8078125 0.7717391304347826 0.04010416666666667 0.12450592885375494
3 0.9364583333333333 0.7124505928853755 0.03958333333333333 0.11561264822134387
3 0.98125 0.6640316205533597 0.0375 0.12648221343873517
2 0.9911458333333333 0.6768774703557312 0.008854166666666666 0.010869565217391304
3 0.653125 0.48616600790513836 0.01875 0.08695652173913043
3 0.7375 0.4624505928853755 0.0203125 0.0691699604743083
3 0.6322916666666667 0.4061264822134387 0.015104166666666667 0.06422924901185771
3 0.6354166666666666 0.3952569169960474 0.014583333333333334 0.06719367588932806
3 0.5421875 0.5108695652173914 0.029166666666666667 0.0800395256916996
3 0.4786458333333333 0.4782608695652174 0.016145833333333335 0.06521739130434782
3 0.47604166666666664 0.8320158102766798 0.027604166666666666 0.11561264822134387
3 0.184375 0.7509881422924901 0.04583333333333333 0.11363636363636363
4 0.025520833333333333 0.5335968379446641 0.0265625 0.08992094861660078
4 0.12447916666666667 0.41106719367588934 0.028645833333333332 0.03557312252964427
4 0.15885416666666666 0.37450592885375494 0.021875 0.058300395256917
4 0.19010416666666666 0.34189723320158105 0.015625 0.05928853754940711
4 0.17604166666666668 0.2598814229249012 0.008854166666666666 0.045454545454545456
4 0.9901041666666667 0.5642292490118577 0.019791666666666666 0.07312252964426877
4 0.9447916666666667 0.48616600790513836 0.019791666666666666 0.08498023715415019
4 0.9307291666666667 0.5029644268774703 0.020833333333333332 0.07608695652173914
4 0.9151041666666667 0.4891304347826087 0.021354166666666667 0.08794466403162056
4 0.9114583333333334 0.46936758893280633 0.022395833333333334 0.0741106719367589
4 0.8723958333333334 0.3922924901185771 0.011458333333333333 0.07114624505928854
4 0.8515625 0.34881422924901184 0.013541666666666667 0.03557312252964427
4 0.840625 0.39031620553359686 0.016666666666666666 0.07015810276679842
4 0.80625 0.3606719367588933 0.0140625 0.06126482213438735
1 0.20625 0.37549407114624506 0.005729166666666666 0.012845849802371542
1 0.7895833333333333 0.383399209486166 0.005208333333333333 0.012845849802371542
0 0.6661458333333333 0.23023715415019763 0.004166666666666667 0.008893280632411068
0 0.640625 0.19861660079051383 0.003125 0.007905138339920948
0 0.359375 0.19466403162055335 0.0036458333333333334 0.007905138339920948
0 0.3338541666666667 0.22826086956521738 0.004166666666666667 0.009881422924901186