3 0.9130208333333333 0.45652173913043476 0.04010416666666667 0.13932806324110672
3 0.7723958333333333 0.41304347826086957 0.03177083333333333 0.1324110671936759
3 0.7369791666666666 0.47134387351778656 0.03125 0.14624505928853754
3 0.5557291666666667 0.6650197628458498 0.036458333333333336 0.17687747035573123
3 0.027604166666666666 0.549407114624506 0.042708333333333334 0.1442687747035573
3 0.21302083333333333 0.28952569169960474 0.0203125 0.08102766798418973
3 0.24479166666666666 0.32608695652173914 0.025520833333333333 0.09782608695652174
3 0.3796875 0.4189723320158103 0.028125 0.12351778656126482
3 0.46197916666666666 0.22826086956521738 0.014583333333333334 0.07015810276679842
3 0.6046875 0.37450592885375494 0.020833333333333332 0.11166007905138339
3 0.6578125 0.283596837944664 0.0234375 0.05731225296442688
2 0.6635416666666667 0.30533596837944665 0.010416666666666666 0.009881422924901186
3 0.6369791666666667 0.2766798418972332 0.015104166666666667 0.07509881422924901
3 0.6432291666666666 0.3675889328063241 0.024479166666666666 0.12055335968379446
0 0.7177083333333333 0.25296442687747034 0.0046875 0.01383399209486166
0 0.6421875 0.19367588932806323 0.004166666666666667 0.008893280632411068
0 0.06354166666666666 0.2727272727272727 0.005208333333333333 0.010869565217391304
0 0.15989583333333332 0.2075098814229249 0.0046875 0.009881422924901186