3 0.6416666666666667 0.4782608695652174 0.0390625 0.12944664031620554
3 0.7567708333333333 0.558300395256917 0.034375 0.16798418972332016
3 0.47708333333333336 0.4634387351778656 0.0359375 0.12845849802371542
3 0.4354166666666667 0.4051383399209486 0.027604166666666666 0.12055335968379446
3 0.33645833333333336 0.3102766798418972 0.030208333333333334 0.08201581027667984
4 0.09739583333333333 0.26778656126482214 0.01875 0.07509881422924901
4 0.9552083333333333 0.34288537549407117 0.019791666666666666 0.08102766798418973
4 0.021875 0.2450592885375494 0.0171875 0.06324110671936758
3 0.5729166666666666 0.3211462450592885 0.015104166666666667 0.08695652173913043
4 0.8427083333333333 0.2816205533596838 0.015104166666666667 0.07707509881422925
3 0.5427083333333333 0.2756916996047431 0.015104166666666667 0.07015810276679842
3 0.5057291666666667 0.31719367588932806 0.0203125 0.09683794466403162
3 0.5916666666666667 0.2766798418972332 0.013020833333333334 0.07015810276679842
4 0.13541666666666666 0.26383399209486164 0.021354166666666667 0.07015810276679842
4 0.0703125 0.29347826086956524 0.015625 0.07905138339920949
4 0.9760416666666667 0.3814229249011858 0.027604166666666666 0.045454545454545456
3 0.48333333333333334 0.30237154150197626 0.0171875 0.08498023715415019
4 0.9864583333333333 0.34288537549407117 0.01875 0.07509881422924901
3 0.4953125 0.2509881422924901 0.014583333333333334 0.0533596837944664
1 0.12552083333333333 0.308300395256917 0.00625 0.014822134387351778
0 0.30104166666666665 0.1907114624505929 0.0036458333333333334 0.007905138339920948
4 0.9552083333333333 0.30039525691699603 0.019270833333333334 0.07707509881422925
0 0.6729166666666667 0.19367588932806323 0.003125 0.007905138339920948
3 0.49166666666666664 0.3191699604743083 0.015625 0.0800395256916996
0 0.640625 0.17094861660079053 0.0036458333333333334 0.007905138339920948
4 0.0734375 0.2717391304347826 0.01875 0.07608695652173914
1 0.8427083333333333 0.31521739130434784 0.0046875 0.011857707509881422
3 0.5078125 0.2727272727272727 0.019791666666666666 0.06620553359683795
3 0.5072916666666667 0.2450592885375494 0.0125 0.036561264822134384
0 0.33125 0.16897233201581027 0.003125 0.005928853754940711