4 0.8713541666666667 0.9733201581027668 0.04479166666666667 0.0533596837944664
4 0.6442708333333333 0.932806324110672 0.0359375 0.13438735177865613
4 0.5916666666666667 0.8389328063241107 0.034375 0.09980237154150198
4 0.465625 0.8903162055335968 0.057291666666666664 0.1857707509881423
4 0.3151041666666667 0.733201581027668 0.0390625 0.14624505928853754
4 0.8390625 0.29150197628458496 0.016666666666666666 0.06126482213438735
4 0.7192708333333333 0.2885375494071146 0.010416666666666666 0.058300395256917
4 0.70625 0.2875494071146245 0.011979166666666667 0.05731225296442688
4 0.6833333333333333 0.2756916996047431 0.011458333333333333 0.0533596837944664
4 0.6604166666666667 0.28063241106719367 0.009895833333333333 0.05434782608695652
4 0.6505208333333333 0.2717391304347826 0.0109375 0.05434782608695652
4 0.6098958333333333 0.28063241106719367 0.0078125 0.038537549407114624
4 0.5479166666666667 0.2658102766798419 0.018229166666666668 0.05632411067193676
4 0.5197916666666667 0.26778656126482214 0.011458333333333333 0.05928853754940711
4 0.4557291666666667 0.2608695652173913 0.009375 0.05237154150197629
4 0.41510416666666666 0.2509881422924901 0.011458333333333333 0.05434782608695652
3 0.6671875 0.3567193675889328 0.0171875 0.06719367588932806
2 0.665625 0.3468379446640316 0.0078125 0.01383399209486166
3 0.621875 0.2964426877470356 0.016666666666666666 0.05237154150197629
3 0.6119791666666666 0.31225296442687744 0.013541666666666667 0.05731225296442688
3 0.5890625 0.3458498023715415 0.019791666666666666 0.05237154150197629
3 0.4317708333333333 0.3438735177865613 0.030208333333333334 0.0691699604743083
3 0.38229166666666664 0.3814229249011858 0.03229166666666667 0.06620553359683795
3 0.37395833333333334 0.5247035573122529 0.027083333333333334 0.08596837944664032
3 0.159375 0.33695652173913043 0.019270833333333334 0.0533596837944664
3 0.20625 0.3102766798418972 0.0140625 0.058300395256917
3 0.21979166666666666 0.3241106719367589 0.014583333333333334 0.05928853754940711
3 0.2453125 0.31225296442687744 0.017708333333333333 0.05731225296442688
3 0.315625 0.27865612648221344 0.016666666666666666 0.04940711462450593
3 0.3619791666666667 0.283596837944664 0.015104166666666667 0.04743083003952569
1 0.9244791666666666 0.34189723320158105 0.005729166666666666 0.011857707509881422
0 0.38958333333333334 0.2826086956521739 0.004166666666666667 0.009881422924901186
0 0.19010416666666666 0.2618577075098814 0.0036458333333333334 0.009881422924901186