4 0.4625 0.2984189723320158 0.009375 0.05434782608695652
4 0.525 0.3231225296442688 0.0140625 0.05731225296442688
4 0.5484375 0.32707509881422925 0.010416666666666666 0.05533596837944664
4 0.5833333333333334 0.3359683794466403 0.0125 0.05237154150197629
4 0.6015625 0.3310276679841897 0.013020833333333334 0.05731225296442688
4 0.5848958333333333 0.31126482213438733 0.0109375 0.030632411067193676
4 0.6411458333333333 0.3458498023715415 0.0125 0.05434782608695652
4 0.8260416666666667 0.383399209486166 0.022395833333333334 0.06620553359683795
4 0.8994791666666667 0.38735177865612647 0.015625 0.07213438735177866
4 0.9354166666666667 0.41205533596837945 0.019791666666666666 0.041501976284584984
0 0.9078125 0.4397233201581028 0.0046875 0.012845849802371542
1 0.38958333333333334 0.3201581027667984 0.0036458333333333334 0.008893280632411068
0 0.0765625 0.2490118577075099 0.0036458333333333334 0.007905138339920948
4 0.07083333333333333 0.8260869565217391 0.027083333333333334 0.1373517786561265
3 0.4708333333333333 0.43379446640316205 0.016145833333333335 0.07213438735177866
3 0.6713541666666667 0.3685770750988142 0.020833333333333332 0.06620553359683795
2 0.6635416666666667 0.3310276679841897 0.00625 0.008893280632411068
3 0.6619791666666667 0.383399209486166 0.027604166666666666 0.05533596837944664
3 0.6067708333333334 0.4367588932806324 0.0125 0.08300395256916997
3 0.9234375 0.4881422924901186 0.027604166666666666 0.06422924901185771
3 0.9072916666666667 0.49703557312252966 0.024479166666666666 0.07608695652173914
3 0.9260416666666667 0.5434782608695652 0.020833333333333332 0.08300395256916997
3 0.965625 0.591897233201581 0.0265625 0.0958498023715415
3 0.9395833333333333 0.6067193675889329 0.04114583333333333 0.1067193675889328
3 0.8828125 0.6472332015810277 0.03125 0.10869565217391304