3 0.09479166666666666 0.83399209486166 0.0359375 0.13438735177865613
3 0.0671875 0.7124505928853755 0.027604166666666666 0.10869565217391304
3 0.0546875 0.5899209486166008 0.022916666666666665 0.08201581027667984
2 0.06302083333333333 0.5879446640316206 0.00625 0.009881422924901186
3 0.019791666666666666 0.591897233201581 0.023958333333333335 0.10177865612648221
3 0.3171875 0.724308300395257 0.0265625 0.1324110671936759
3 0.4296875 0.6847826086956522 0.022916666666666665 0.10968379446640317
3 0.4942708333333333 0.525691699604743 0.019270833333333334 0.09189723320158102
3 0.3078125 0.5029644268774703 0.0296875 0.08695652173913043
3 0.3723958333333333 0.5434782608695652 0.01875 0.07509881422924901
3 0.365625 0.5019762845849802 0.01875 0.07608695652173914
4 0.9625 0.4575098814229249 0.034375 0.036561264822134384
4 0.9333333333333333 0.41798418972332013 0.01875 0.06521739130434782
4 0.9244791666666666 0.38537549407114624 0.016666666666666666 0.06422924901185771
4 0.9666666666666667 0.2855731225296443 0.010416666666666666 0.04841897233201581
4 0.26666666666666666 0.3705533596837945 0.011979166666666667 0.06126482213438735
4 0.24010416666666667 0.3794466403162055 0.013541666666666667 0.06818181818181818
4 0.22395833333333334 0.35968379446640314 0.009375 0.06422924901185771
4 0.171875 0.4268774703557312 0.016666666666666666 0.0691699604743083
4 0.15833333333333333 0.4397233201581028 0.016666666666666666 0.0800395256916996
4 0.14114583333333333 0.44861660079051385 0.01875 0.06521739130434782
4 0.11458333333333333 0.43379446640316205 0.018229166666666668 0.06521739130434782
4 0.07395833333333333 0.5049407114624506 0.0359375 0.044466403162055336
1 0.8864583333333333 0.40810276679841895 0.00625 0.012845849802371542
1 0.30364583333333334 0.358695652173913 0.005208333333333333 0.011857707509881422
0 0.46458333333333335 0.22430830039525693 0.004166666666666667 0.008893280632411068
0 0.5005208333333333 0.19466403162055335 0.0046875 0.007905138339920948
0 0.7895833333333333 0.20454545454545456 0.004166666666666667 0.008893280632411068
0 0.8036458333333333 0.24011857707509882 0.004166666666666667 0.008893280632411068