4 0.9067708333333333 0.5652173913043478 0.027604166666666666 0.1482213438735178
4 0.9255208333333333 0.5464426877470355 0.027604166666666666 0.12549407114624506
4 0.9390625 0.3211462450592885 0.018229166666666668 0.08794466403162056
4 0.1171875 0.2618577075098814 0.018229166666666668 0.06719367588932806
4 0.059375 0.29150197628458496 0.011458333333333333 0.07312252964426877
4 0.013541666666666667 0.3142292490118577 0.015104166666666667 0.08498023715415019
0 0.8723958333333334 0.36363636363636365 0.0067708333333333336 0.017786561264822136
0 0.8416666666666667 0.25790513833992096 0.0046875 0.012845849802371542
0 0.32083333333333336 0.22233201581027667 0.0036458333333333334 0.010869565217391304
0 0.16666666666666666 0.2885375494071146 0.0046875 0.012845849802371542
3 0.15260416666666668 0.30434782608695654 0.021875 0.0741106719367589
3 0.26614583333333336 0.22826086956521738 0.013541666666666667 0.05434782608695652
3 0.34791666666666665 0.208498023715415 0.009895833333333333 0.04841897233201581
3 0.3953125 0.20454545454545456 0.015104166666666667 0.04841897233201581
3 0.46927083333333336 0.2381422924901186 0.013541666666666667 0.05731225296442688
3 0.50625 0.2608695652173913 0.0140625 0.06818181818181818
3 0.43854166666666666 0.2707509881422925 0.015104166666666667 0.06521739130434782
3 0.4171875 0.2509881422924901 0.0140625 0.05632411067193676
2 0.496875 0.2124505928853755 0.0067708333333333336 0.003952569169960474
3 0.39895833333333336 0.2717391304347826 0.014583333333333334 0.06126482213438735
3 0.384375 0.30434782608695654 0.015104166666666667 0.07608695652173914
3 0.3458333333333333 0.3102766798418972 0.01875 0.08695652173913043
3 0.22552083333333334 0.27865612648221344 0.020833333333333332 0.07015810276679842
3 0.21979166666666666 0.33695652173913043 0.016145833333333335 0.08992094861660078
3 0.228125 0.3468379446640316 0.020833333333333332 0.08399209486166008