3 0.7177083333333333 0.5276679841897233 0.030729166666666665 0.13932806324110672
4 0.008854166666666666 0.32608695652173914 0.017708333333333333 0.1007905138339921
3 0.4166666666666667 0.24308300395256918 0.013020833333333334 0.06620553359683795
3 0.46770833333333334 0.39723320158102765 0.028645833333333332 0.05632411067193676
4 0.14583333333333334 0.24110671936758893 0.01875 0.06818181818181818
3 0.5890625 0.2816205533596838 0.015625 0.07312252964426877
4 0.796875 0.25 0.0140625 0.0691699604743083
3 0.5479166666666667 0.30632411067193677 0.018229166666666668 0.08794466403162056
4 0.13020833333333334 0.2509881422924901 0.014583333333333334 0.06719367588932806
4 0.07708333333333334 0.22134387351778656 0.013020833333333334 0.058300395256917
3 0.5671875 0.23715415019762845 0.014583333333333334 0.06719367588932806
3 0.44375 0.31225296442687744 0.021875 0.0741106719367589
3 0.5052083333333334 0.2707509881422925 0.014583333333333334 0.06521739130434782
3 0.48020833333333335 0.2994071146245059 0.01875 0.07608695652173914
4 0.178125 0.2391304347826087 0.018229166666666668 0.06126482213438735
4 0.9067708333333333 0.30237154150197626 0.015625 0.0800395256916996
2 0.50625 0.4308300395256917 0.011979166666666667 0.010869565217391304
3 0.5359375 0.2450592885375494 0.014583333333333334 0.06324110671936758
3 0.46145833333333336 0.2608695652173913 0.015104166666666667 0.06719367588932806
3 0.48541666666666666 0.2628458498023715 0.015625 0.06225296442687747
4 0.8822916666666667 0.2994071146245059 0.015104166666666667 0.07707509881422925
3 0.5177083333333333 0.21739130434782608 0.011979166666666667 0.05138339920948617
1 0.171875 0.2737154150197628 0.005208333333333333 0.012845849802371542
0 0.31354166666666666 0.1808300395256917 0.0036458333333333334 0.007905138339920948
4 0.8854166666666666 0.274703557312253 0.016666666666666666 0.08596837944664032
0 0.6572916666666667 0.18379446640316205 0.0036458333333333334 0.00691699604743083
0 0.340625 0.16205533596837945 0.0036458333333333334 0.00691699604743083
4 0.8989583333333333 0.32707509881422925 0.025520833333333333 0.03557312252964427
1 0.7958333333333333 0.28063241106719367 0.004166666666666667 0.008893280632411068
4 0.12239583333333333 0.24011857707509882 0.013020833333333334 0.06324110671936758
0 0.6302083333333334 0.1650197628458498 0.003125 0.005928853754940711