3 0.25104166666666666 0.29446640316205536 0.022395833333333334 0.07707509881422925
3 0.32760416666666664 0.19466403162055335 0.0234375 0.05731225296442688
3 0.3223958333333333 0.21442687747035574 0.01875 0.07707509881422925
3 0.3 0.1966403162055336 0.019791666666666666 0.039525691699604744
3 0.3098958333333333 0.23715415019762845 0.018229166666666668 0.07806324110671936
2 0.2890625 0.21146245059288538 0.0078125 0.016798418972332016
3 0.34427083333333336 0.26778656126482214 0.01875 0.08498023715415019
3 0.3848958333333333 0.2391304347826087 0.0171875 0.0800395256916996
3 0.459375 0.2766798418972332 0.017708333333333333 0.09189723320158102
3 0.5223958333333333 0.2885375494071146 0.0203125 0.09189723320158102
3 0.6098958333333333 0.20948616600790515 0.011979166666666667 0.0691699604743083
3 0.7520833333333333 0.24703557312252963 0.020833333333333332 0.08300395256916997
3 0.5822916666666667 0.1857707509881423 0.011979166666666667 0.05731225296442688
3 0.46770833333333334 0.1590909090909091 0.016666666666666666 0.05138339920948617
0 0.23020833333333332 0.191699604743083 0.0046875 0.009881422924901186
0 0.28229166666666666 0.1551383399209486 0.0036458333333333334 0.009881422924901186
0 0.734375 0.18774703557312253 0.0046875 0.008893280632411068
0 0.6770833333333334 0.1541501976284585 0.003125 0.007905138339920948