3 0.9625 0.5721343873517787 0.030208333333333334 0.1225296442687747
3 0.7854166666666667 0.45553359683794464 0.016145833333333335 0.09189723320158102
3 0.6989583333333333 0.475296442687747 0.0203125 0.08794466403162056
3 0.6458333333333334 0.47035573122529645 0.018229166666666668 0.08596837944664032
3 0.9192708333333334 0.4535573122529644 0.029166666666666667 0.0800395256916996
3 0.6234375 0.48023715415019763 0.020833333333333332 0.08695652173913043
3 0.6208333333333333 0.41007905138339923 0.01875 0.0741106719367589
4 0.6546875 0.33201581027667987 0.0125 0.06126482213438735
4 0.8734375 0.3922924901185771 0.016666666666666666 0.06620553359683795
4 0.8322916666666667 0.38735177865612647 0.014583333333333334 0.06521739130434782
4 0.8536458333333333 0.38537549407114624 0.014583333333333334 0.0691699604743083
4 0.8114583333333333 0.37549407114624506 0.013020833333333334 0.06818181818181818
3 0.6833333333333333 0.4515810276679842 0.018229166666666668 0.08596837944664032
3 0.365625 0.32608695652173914 0.0078125 0.05434782608695652
4 0.9333333333333333 0.39624505928853754 0.016145833333333335 0.0741106719367589
4 0.3416666666666667 0.932806324110672 0.04114583333333333 0.1324110671936759
0 0.6208333333333333 0.36363636363636365 0.0046875 0.011857707509881422
0 0.44427083333333334 0.3241106719367589 0.0036458333333333334 0.008893280632411068
3 0.3567708333333333 0.3290513833992095 0.0125 0.05434782608695652