3 0.7760416666666666 0.49209486166007904 0.040625 0.10573122529644269
3 0.696875 0.4644268774703557 0.03802083333333333 0.1274703557312253
3 0.5125 0.4150197628458498 0.0234375 0.12055335968379446
4 0.008333333333333333 0.30335968379446643 0.016666666666666666 0.08794466403162056
3 0.1125 0.43478260869565216 0.03333333333333333 0.12549407114624506
3 0.378125 0.39920948616600793 0.0296875 0.12450592885375494
4 0.08125 0.29150197628458496 0.021354166666666667 0.08399209486166008
4 0.0375 0.29545454545454547 0.0234375 0.08695652173913043
3 0.13229166666666667 0.41205533596837945 0.03802083333333333 0.1067193675889328
3 0.4734375 0.3290513833992095 0.017708333333333333 0.09980237154150198
3 0.3546875 0.33794466403162055 0.021875 0.09288537549407115
3 0.5322916666666667 0.33695652173913043 0.018229166666666668 0.09288537549407115
3 0.5276041666666667 0.2727272727272727 0.014583333333333334 0.07312252964426877
3 0.39479166666666665 0.24802371541501977 0.0125 0.05039525691699605
3 0.4744791666666667 0.2717391304347826 0.014583333333333334 0.06324110671936758
3 0.371875 0.34189723320158105 0.021354166666666667 0.08498023715415019
4 0.9109375 0.31719367588932806 0.01875 0.08794466403162056
1 0.06927083333333334 0.3458498023715415 0.00625 0.015810276679841896
0 0.28854166666666664 0.19960474308300397 0.0036458333333333334 0.008893280632411068
0 0.6901041666666666 0.20059288537549408 0.003125 0.008893280632411068
0 0.6526041666666667 0.17588932806324112 0.0026041666666666665 0.007905138339920948
0 0.3229166666666667 0.17292490118577075 0.0036458333333333334 0.00691699604743083
2 0.1171875 0.39822134387351776 0.0140625 0.022727272727272728
3 0.3927083333333333 0.26679841897233203 0.013541666666666667 0.05731225296442688
1 0.9109375 0.3547430830039526 0.005208333333333333 0.01383399209486166
4 0.1046875 0.24604743083003952 0.028645833333333332 0.016798418972332016