3 0.6723958333333333 0.5385375494071146 0.029166666666666667 0.10276679841897234
3 0.6526041666666667 0.45553359683794464 0.021875 0.08300395256916997
3 0.515625 0.38438735177865613 0.020833333333333332 0.07114624505928854
3 0.7072916666666667 0.4980237154150198 0.021354166666666667 0.09683794466403162
3 0.6947916666666667 0.5177865612648221 0.022395833333333334 0.10276679841897234
4 0.7354166666666667 0.3606719367588933 0.015104166666666667 0.07114624505928854
3 0.4083333333333333 0.36264822134387353 0.013541666666666667 0.04940711462450593
4 0.9947916666666666 0.43379446640316205 0.009895833333333333 0.07509881422924901
0 0.6979166666666666 0.39624505928853754 0.0046875 0.011857707509881422
0 0.48333333333333334 0.3448616600790514 0.004166666666666667 0.009881422924901186
2 0.40729166666666666 0.3695652173913043 0.005208333333333333 0.011857707509881422