4 0.028125 0.6907114624505929 0.0359375 0.17391304347826086
3 0.5838541666666667 0.3922924901185771 0.016666666666666666 0.0691699604743083
3 0.6932291666666667 0.4673913043478261 0.023958333333333335 0.08794466403162056
3 0.7260416666666667 0.46047430830039526 0.021875 0.09683794466403162
3 0.884375 0.44367588932806323 0.0234375 0.09782608695652174
3 0.9796875 0.4140316205533597 0.020833333333333332 0.07015810276679842
3 0.9015625 0.43478260869565216 0.023958333333333335 0.08992094861660078
3 0.5276041666666667 0.3824110671936759 0.020833333333333332 0.05632411067193676
3 0.7541666666666667 0.41205533596837945 0.024479166666666666 0.07213438735177866
3 0.740625 0.36363636363636365 0.021875 0.06620553359683795
3 0.8109375 0.3952569169960474 0.030729166666666665 0.06818181818181818
3 0.5416666666666666 0.34288537549407117 0.023958333333333335 0.05434782608695652
4 0.7067708333333333 0.3191699604743083 0.0125 0.05138339920948617
4 0.7380208333333333 0.3181818181818182 0.0125 0.05039525691699605
0 0.40260416666666665 0.3102766798418972 0.004166666666666667 0.007905138339920948
0 0.25416666666666665 0.29446640316205536 0.0036458333333333334 0.007905138339920948
1 0.9354166666666667 0.37549407114624506 0.005208333333333333 0.010869565217391304
4 0.7447916666666666 0.3241106719367589 0.009895833333333333 0.046442687747035576
3 0.803125 0.39920948616600793 0.020833333333333332 0.07114624505928854