3 0.25885416666666666 0.5573122529644269 0.041666666666666664 0.1541501976284585
3 0.528125 0.391304347826087 0.027604166666666666 0.08399209486166008
3 0.4453125 0.3092885375494071 0.017708333333333333 0.0958498023715415
4 0.9901041666666667 0.325098814229249 0.019791666666666666 0.1007905138339921
4 0.2046875 0.25 0.013541666666666667 0.0691699604743083
4 0.853125 0.24110671936758893 0.019270833333333334 0.06719367588932806
4 0.921875 0.22134387351778656 0.011979166666666667 0.05731225296442688
3 0.4010416666666667 0.2865612648221344 0.015104166666666667 0.07114624505928854
2 0.41458333333333336 0.46936758893280633 0.015625 0.011857707509881422
3 0.5223958333333333 0.3073122529644269 0.016666666666666666 0.07707509881422925
3 0.5817708333333333 0.233201581027668 0.0125 0.06027667984189723
4 0.8760416666666667 0.2391304347826087 0.011458333333333333 0.06521739130434782
3 0.4953125 0.2766798418972332 0.014583333333333334 0.06620553359683795
3 0.5583333333333333 0.2974308300395257 0.018229166666666668 0.07312252964426877
4 0.09583333333333334 0.30237154150197626 0.014583333333333334 0.07905138339920949
3 0.5432291666666667 0.25296442687747034 0.013541666666666667 0.06225296442687747
4 0.821875 0.23616600790513834 0.021354166666666667 0.06324110671936758
3 0.48125 0.21541501976284586 0.011458333333333333 0.05138339920948617
3 0.5166666666666667 0.26679841897233203 0.013541666666666667 0.06324110671936758
3 0.43385416666666665 0.23616600790513834 0.013541666666666667 0.06324110671936758
4 0.11927083333333334 0.2964426877470356 0.014583333333333334 0.07213438735177866
3 0.46822916666666664 0.23616600790513834 0.013541666666666667 0.05632411067193676
4 0.115625 0.26778656126482214 0.015104166666666667 0.07905138339920949
0 0.34270833333333334 0.18280632411067194 0.003125 0.007905138339920948
1 0.8270833333333333 0.2727272727272727 0.0046875 0.012845849802371542
0 0.6864583333333333 0.1808300395256917 0.0036458333333333334 0.007905138339920948
0 0.659375 0.16205533596837945 0.0036458333333333334 0.00691699604743083
3 0.43697916666666664 0.22134387351778656 0.0109375 0.04743083003952569
1 0.2046875 0.27964426877470355 0.0046875 0.009881422924901186
0 0.3703125 0.16600790513833993 0.0026041666666666665 0.005928853754940711
4 0.8645833333333334 0.2490118577075099 0.015104166666666667 0.06719367588932806
4 0.1046875 0.32608695652173914 0.027083333333333334 0.03359683794466403