3 0.6947916666666667 0.4654150197628458 0.033854166666666664 0.11956521739130435
4 0.14270833333333333 0.24209486166007904 0.016145833333333335 0.06719367588932806
4 0.071875 0.22332015810276679 0.0125 0.05928853754940711
3 0.415625 0.2618577075098814 0.0140625 0.07114624505928854
3 0.5416666666666666 0.29545454545454547 0.016145833333333335 0.09189723320158102
4 0.8880208333333334 0.30533596837944665 0.016666666666666666 0.07905138339920949
3 0.5739583333333333 0.2727272727272727 0.0125 0.0741106719367589
4 0.9125 0.30533596837944665 0.0171875 0.07707509881422925
4 0.17395833333333333 0.2391304347826087 0.018229166666666668 0.06225296442687747
3 0.5052083333333334 0.2598814229249012 0.013020833333333334 0.06126482213438735
3 0.46458333333333335 0.33893280632411066 0.0265625 0.08102766798418973
4 0.1171875 0.24308300395256918 0.0140625 0.06422924901185771
4 0.7994791666666666 0.25395256916996045 0.013541666666666667 0.07015810276679842
3 0.471875 0.4140316205533597 0.024479166666666666 0.06521739130434782
3 0.471875 0.2766798418972332 0.015104166666666667 0.07312252964426877
3 0.5161458333333333 0.22628458498023715 0.013541666666666667 0.05237154150197629
3 0.5760416666666667 0.233201581027668 0.013020833333333334 0.058300395256917
4 0.004166666666666667 0.32608695652173914 0.008333333333333333 0.1067193675889328
3 0.5625 0.2391304347826087 0.013541666666666667 0.06719367588932806
3 0.48333333333333334 0.2855731225296443 0.015625 0.07905138339920949
4 0.8927083333333333 0.2717391304347826 0.013541666666666667 0.07608695652173914
3 0.484375 0.2608695652173913 0.016145833333333335 0.06620553359683795
3 0.540625 0.25889328063241107 0.0171875 0.06225296442687747
1 0.16875 0.2776679841897233 0.0046875 0.011857707509881422
0 0.6583333333333333 0.18379446640316205 0.003125 0.007905138339920948
0 0.31354166666666666 0.18280632411067194 0.0036458333333333334 0.00691699604743083
0 0.6307291666666667 0.16600790513833993 0.003125 0.00691699604743083
0 0.33958333333333335 0.16304347826086957 0.0036458333333333334 0.00691699604743083
4 0.9036458333333334 0.33300395256917 0.027604166666666666 0.041501976284584984
4 0.12604166666666666 0.2549407114624506 0.013541666666666667 0.06818181818181818
1 0.8 0.283596837944664 0.004166666666666667 0.010869565217391304