3 0.6765625 0.4515810276679842 0.030208333333333334 0.12450592885375494
3 0.39895833333333336 0.391304347826087 0.027604166666666666 0.12154150197628459
3 0.7302083333333333 0.48320158102766797 0.03958333333333333 0.10573122529644269
4 0.008333333333333333 0.30434782608695654 0.016666666666666666 0.08893280632411067
3 0.13229166666666667 0.41798418972332013 0.04114583333333333 0.10770750988142293
4 0.0796875 0.29150197628458496 0.020833333333333332 0.08498023715415019
4 0.0375 0.2964426877470356 0.0234375 0.08695652173913043
3 0.1125 0.43478260869565216 0.0328125 0.12845849802371542
3 0.5182291666666666 0.39723320158102765 0.025 0.11363636363636363
3 0.3609375 0.3468379446640316 0.029166666666666667 0.09288537549407115
3 0.471875 0.325098814229249 0.0203125 0.09980237154150198
3 0.5270833333333333 0.3300395256916996 0.018229166666666668 0.08794466403162056
3 0.5192708333333333 0.2707509881422925 0.014583333333333334 0.07213438735177866
4 0.9114583333333334 0.3181818181818182 0.01875 0.08794466403162056
3 0.3875 0.24209486166007904 0.013541666666666667 0.04841897233201581
3 0.4739583333333333 0.2776679841897233 0.024479166666666666 0.06126482213438735
1 0.06875 0.3468379446640316 0.00625 0.015810276679841896
3 0.37083333333333335 0.33992094861660077 0.024479166666666666 0.08893280632411067
0 0.28854166666666664 0.19960474308300397 0.0036458333333333334 0.008893280632411068
0 0.6901041666666666 0.2015810276679842 0.004166666666666667 0.007905138339920948
0 0.653125 0.17588932806324112 0.004166666666666667 0.00691699604743083
0 0.3229166666666667 0.17292490118577075 0.0036458333333333334 0.00691699604743083
2 0.1140625 0.39624505928853754 0.014583333333333334 0.019762845849802372
1 0.9114583333333334 0.3557312252964427 0.005729166666666666 0.011857707509881422
3 0.3880208333333333 0.2598814229249012 0.011458333333333333 0.058300395256917
4 0.1046875 0.24802371541501977 0.028125 0.016798418972332016