3 0.22135416666666666 0.6057312252964426 0.034375 0.12648221343873517
3 0.17395833333333333 0.6057312252964426 0.03697916666666667 0.12154150197628459
3 0.5 0.48616600790513836 0.025520833333333333 0.08992094861660078
3 0.30885416666666665 0.5009881422924901 0.029166666666666667 0.0958498023715415
3 0.22708333333333333 0.4288537549407115 0.024479166666666666 0.08300395256916997
3 0.6052083333333333 0.48023715415019763 0.019270833333333334 0.08695652173913043
3 0.33958333333333335 0.5118577075098815 0.027083333333333334 0.09881422924901186
3 0.39479166666666665 0.4061264822134387 0.022916666666666665 0.0691699604743083
3 0.12239583333333333 0.45454545454545453 0.017708333333333333 0.09090909090909091
3 0.809375 0.36363636363636365 0.021354166666666667 0.06126482213438735
3 0.46875 0.4140316205533597 0.016145833333333335 0.06818181818181818
3 0.5635416666666667 0.4268774703557312 0.024479166666666666 0.07707509881422925
3 0.621875 0.4357707509881423 0.0203125 0.07213438735177866
3 0.8348958333333333 0.3577075098814229 0.017708333333333333 0.06225296442687747
4 0.33177083333333335 0.36264822134387353 0.0125 0.06521739130434782
4 0.026041666666666668 0.41304347826086957 0.01875 0.07114624505928854
4 0.5369791666666667 0.3448616600790514 0.011458333333333333 0.06324110671936758
4 0.6979166666666666 0.31620553359683795 0.011458333333333333 0.0533596837944664
4 0.44166666666666665 0.3577075098814229 0.011979166666666667 0.06521739130434782
4 0.44895833333333335 0.35276679841897235 0.011458333333333333 0.06225296442687747
4 0.5739583333333333 0.33794466403162055 0.013020833333333334 0.04841897233201581
4 0.19479166666666667 0.36462450592885376 0.013020833333333334 0.044466403162055336
4 0.009375 0.41205533596837945 0.018229166666666668 0.06719367588932806
4 0.5052083333333334 0.3438735177865613 0.015104166666666667 0.058300395256917
4 0.6114583333333333 0.3339920948616601 0.0109375 0.04940711462450593
4 0.3807291666666667 0.3675889328063241 0.013541666666666667 0.05237154150197629
1 0.26614583333333336 0.41798418972332013 0.005208333333333333 0.012845849802371542
0 0.7302083333333333 0.34189723320158105 0.004166666666666667 0.009881422924901186
4 0.5484375 0.33794466403162055 0.011458333333333333 0.05434782608695652
0 0.5010416666666667 0.3804347826086957 0.005729166666666666 0.00691699604743083