4 0.9125 0.8043478260869565 0.04895833333333333 0.17292490118577075
4 0.7953125 0.8013833992094862 0.05677083333333333 0.16699604743083005
4 0.7395833333333334 0.2628458498023715 0.011979166666666667 0.05434782608695652
4 0.6515625 0.26778656126482214 0.014583333333333334 0.05928853754940711
4 0.6286458333333333 0.26877470355731226 0.0125 0.0533596837944664
4 0.6005208333333333 0.2598814229249012 0.011458333333333333 0.05237154150197629
4 0.5838541666666667 0.26679841897233203 0.011979166666666667 0.046442687747035576
4 0.5734375 0.2608695652173913 0.0109375 0.05434782608695652
4 0.540625 0.2727272727272727 0.019791666666666666 0.039525691699604744
4 0.46979166666666666 0.2648221343873518 0.0171875 0.05533596837944664
4 0.4119791666666667 0.2658102766798419 0.011458333333333333 0.05632411067193676
4 0.3734375 0.2628458498023715 0.0140625 0.05039525691699605
4 0.328125 0.25592885375494073 0.011458333333333333 0.05632411067193676
4 0.5604166666666667 0.7124505928853755 0.040625 0.14723320158102768
1 0.8171875 0.2994071146245059 0.004166666666666667 0.010869565217391304
0 0.06302083333333333 0.2855731225296443 0.0036458333333333334 0.008893280632411068
3 0.6385416666666667 0.3073122529644269 0.013020833333333334 0.06719367588932806
2 0.6307291666666667 0.274703557312253 0.007291666666666667 0.012845849802371542
3 0.6208333333333333 0.32608695652173914 0.0296875 0.06126482213438735
3 0.634375 0.3557312252964427 0.021354166666666667 0.07905138339920949
3 0.715625 0.3715415019762846 0.016145833333333335 0.0741106719367589
3 0.6723958333333333 0.5128458498023716 0.030729166666666665 0.10375494071146245
3 0.46458333333333335 0.4505928853754941 0.027604166666666666 0.08992094861660078
3 0.30833333333333335 0.30533596837944665 0.01875 0.05434782608695652
3 0.31875 0.34980237154150196 0.019791666666666666 0.07213438735177866
3 0.23489583333333333 0.30039525691699603 0.022395833333333334 0.04743083003952569
3 0.22447916666666667 0.3231225296442688 0.018229166666666668 0.05237154150197629
3 0.246875 0.33893280632411066 0.0265625 0.058300395256917
3 0.26197916666666665 0.3942687747035573 0.024479166666666666 0.07608695652173914
3 0.13489583333333333 0.3349802371541502 0.01875 0.06620553359683795
3 0.0625 0.34782608695652173 0.013541666666666667 0.06818181818181818