3 0.32083333333333336 0.48023715415019763 0.03802083333333333 0.11264822134387352
3 0.35104166666666664 0.43280632411067194 0.03958333333333333 0.09881422924901186
4 0.9625 0.2974308300395257 0.022395833333333334 0.08695652173913043
4 0.9927083333333333 0.30533596837944665 0.0140625 0.08695652173913043
3 0.478125 0.3814229249011858 0.021354166666666667 0.1067193675889328
3 0.5776041666666667 0.3784584980237154 0.022916666666666665 0.11462450592885376
4 0.921875 0.2924901185770751 0.022395833333333334 0.08399209486166008
3 0.8697916666666666 0.41699604743083 0.043229166666666666 0.11067193675889328
3 0.5333333333333333 0.3241106719367589 0.019791666666666666 0.1007905138339921
3 0.8890625 0.43478260869565216 0.03333333333333333 0.1274703557312253
3 0.6354166666666666 0.35177865612648224 0.027083333333333334 0.08695652173913043
3 0.484375 0.26778656126482214 0.013020833333333334 0.06818181818181818
3 0.4739583333333333 0.3181818181818182 0.0171875 0.0691699604743083
3 0.61875 0.3468379446640316 0.022395833333333334 0.09683794466403162
3 0.546875 0.2776679841897233 0.019270833333333334 0.06027667984189723
4 0.08854166666666667 0.3191699604743083 0.01875 0.08794466403162056
1 0.93125 0.34782608695652173 0.0067708333333333336 0.016798418972332016
3 0.6145833333333334 0.2519762845849802 0.015625 0.06422924901185771
3 0.6197916666666666 0.24209486166007904 0.011979166666666667 0.06126482213438735
0 0.7114583333333333 0.20059288537549408 0.0036458333333333334 0.008893280632411068
0 0.3098958333333333 0.2025691699604743 0.004166666666666667 0.008893280632411068
0 0.346875 0.17687747035573123 0.0036458333333333334 0.00691699604743083
4 0.8947916666666667 0.24802371541501977 0.0265625 0.018774703557312252
0 0.6770833333333334 0.17391304347826086 0.0036458333333333334 0.00691699604743083
2 0.8880208333333334 0.39624505928853754 0.013020833333333334 0.019762845849802372
1 0.0890625 0.3567193675889328 0.005208333333333333 0.01383399209486166