3 0.19375 0.5059288537549407 0.058854166666666666 0.16996047430830039
3 0.2109375 0.2737154150197628 0.0265625 0.09881422924901186
3 0.17760416666666667 0.20059288537549408 0.021875 0.06521739130434782
3 0.20052083333333334 0.17391304347826086 0.016145833333333335 0.06620553359683795
3 0.27708333333333335 0.22233201581027667 0.019270833333333334 0.07905138339920949
3 0.3416666666666667 0.2756916996047431 0.028645833333333332 0.0958498023715415
3 0.4484375 0.21541501976284586 0.013020833333333334 0.06719367588932806
3 0.6057291666666667 0.2984189723320158 0.043229166666666666 0.13438735177865613
3 0.6536458333333334 0.2865612648221344 0.020833333333333332 0.10573122529644269
3 0.7588541666666667 0.33992094861660077 0.027604166666666666 0.11956521739130435
3 0.8083333333333333 0.31620553359683795 0.05416666666666667 0.11758893280632411
3 0.6848958333333334 0.2598814229249012 0.023958333333333335 0.0800395256916996
4 0.8682291666666667 0.29150197628458496 0.022395833333333334 0.11166007905138339
4 0.875 0.2756916996047431 0.016145833333333335 0.10770750988142293
4 0.6614583333333334 0.2381422924901186 0.015625 0.09189723320158102
4 0.6302083333333334 0.22727272727272727 0.01875 0.07114624505928854
4 0.5661458333333333 0.2075098814229249 0.013541666666666667 0.07312252964426877
4 0.5484375 0.19960474308300397 0.013020833333333334 0.07509881422924901
4 0.525 0.2025691699604743 0.016145833333333335 0.06324110671936758
4 0.49947916666666664 0.1907114624505929 0.011458333333333333 0.06620553359683795
4 0.4864583333333333 0.1956521739130435 0.013541666666666667 0.06620553359683795
4 0.46458333333333335 0.18873517786561264 0.016145833333333335 0.07114624505928854
4 0.43020833333333336 0.16897233201581027 0.008854166666666666 0.06620553359683795
0 0.12916666666666668 0.12154150197628459 0.003125 0.007905138339920948
0 0.17291666666666666 0.13537549407114624 0.0036458333333333334 0.007905138339920948
1 0.35625 0.1907114624505929 0.005208333333333333 0.010869565217391304
0 0.8494791666666667 0.3409090909090909 0.007291666666666667 0.018774703557312252