2 0.24114583333333334 0.6294466403162056 0.009895833333333333 0.01383399209486166
3 0.9411458333333333 0.9061264822134387 0.042708333333333334 0.1373517786561265
3 0.5671875 0.9199604743083004 0.033854166666666664 0.1590909090909091
3 0.4890625 0.7677865612648221 0.030729166666666665 0.11561264822134387
3 0.34791666666666665 0.6877470355731226 0.03333333333333333 0.09980237154150198
3 0.2421875 0.6976284584980237 0.0375 0.08992094861660078
3 0.24947916666666667 0.6413043478260869 0.0171875 0.08893280632411067
3 0.29010416666666666 0.5059288537549407 0.016666666666666666 0.06719367588932806
3 0.38177083333333334 0.45454545454545453 0.022395833333333334 0.06027667984189723
3 0.4453125 0.47035573122529645 0.0203125 0.07509881422924901
3 0.4875 0.4673913043478261 0.0125 0.06324110671936758
3 0.5046875 0.4733201581027668 0.013541666666666667 0.06818181818181818
3 0.46770833333333334 0.3922924901185771 0.011979166666666667 0.05731225296442688
3 0.7333333333333333 0.5108695652173914 0.017708333333333333 0.08300395256916997
4 0.9005208333333333 0.48122529644268774 0.029166666666666667 0.03458498023715415
4 0.8932291666666666 0.46047430830039526 0.019791666666666666 0.045454545454545456
4 0.9161458333333333 0.40711462450592883 0.018229166666666668 0.05731225296442688
4 0.8375 0.33300395256917 0.009895833333333333 0.044466403162055336
4 0.2916666666666667 0.3448616600790514 0.011458333333333333 0.04743083003952569
4 0.2375 0.41106719367588934 0.013541666666666667 0.06422924901185771
4 0.1671875 0.4199604743083004 0.0109375 0.03557312252964427
4 0.14947916666666666 0.4614624505928854 0.0109375 0.07312252964426877
4 0.11927083333333334 0.5345849802371542 0.0171875 0.07905138339920949
4 0.09947916666666666 0.549407114624506 0.016145833333333335 0.08498023715415019
4 0.03333333333333333 0.6304347826086957 0.021354166666666667 0.07707509881422925
1 0.8161458333333333 0.44466403162055335 0.005208333333333333 0.012845849802371542
1 0.23125 0.45454545454545453 0.005729166666666666 0.01383399209486166
0 0.346875 0.30533596837944665 0.0036458333333333334 0.007905138339920948
0 0.3697916666666667 0.274703557312253 0.0036458333333333334 0.007905138339920948
0 0.6494791666666667 0.2707509881422925 0.0036458333333333334 0.00691699604743083
0 0.6765625 0.30237154150197626 0.004166666666666667 0.008893280632411068