4 0.1625 0.26976284584980237 0.022916666666666665 0.10177865612648221
4 0.1578125 0.25592885375494073 0.016145833333333335 0.10177865612648221
4 0.3515625 0.22430830039525693 0.014583333333333334 0.08300395256916997
2 0.21197916666666666 0.2381422924901186 0.015104166666666667 0.015810276679841896
4 0.390625 0.21541501976284586 0.019270833333333334 0.0691699604743083
4 0.44895833333333335 0.19960474308300397 0.014583333333333334 0.07015810276679842
4 0.45729166666666665 0.191699604743083 0.011979166666666667 0.07015810276679842
4 0.48854166666666665 0.1966403162055336 0.015104166666666667 0.06126482213438735
4 0.5135416666666667 0.18379446640316205 0.011458333333333333 0.06225296442687747
4 0.5255208333333333 0.1907114624505929 0.014583333333333334 0.06324110671936758
4 0.5473958333333333 0.18379446640316205 0.017708333333333333 0.06719367588932806
4 0.5822916666666667 0.16699604743083005 0.008854166666666666 0.06126482213438735
0 0.890625 0.12351778656126482 0.0036458333333333334 0.008893280632411068
0 0.84375 0.1373517786561265 0.004166666666666667 0.008893280632411068
1 0.6541666666666667 0.18774703557312253 0.0046875 0.010869565217391304
0 0.1796875 0.31620553359683795 0.005729166666666666 0.015810276679841896
3 0.8515625 0.2183794466403162 0.020833333333333332 0.07707509881422925
3 0.8692708333333333 0.2519762845849802 0.018229166666666668 0.08695652173913043
3 0.70625 0.18280632411067194 0.015625 0.07213438735177866
3 0.5723958333333333 0.2075098814229249 0.014583333333333334 0.058300395256917
3 0.5677083333333334 0.25395256916996045 0.025520833333333333 0.07509881422924901
3 0.5848958333333333 0.25889328063241107 0.0265625 0.08596837944664032
3 0.3692708333333333 0.30138339920948615 0.022395833333333334 0.09189723320158102
3 0.33177083333333335 0.35177865612648224 0.026041666666666668 0.09683794466403162
3 0.35520833333333335 0.45849802371541504 0.035416666666666666 0.1492094861660079
3 0.1921875 0.31225296442687744 0.03229166666666667 0.116600790513834
3 0.23177083333333334 0.33695652173913043 0.025520833333333333 0.09486166007905138