2 0.9760416666666667 0.708498023715415 0.005729166666666666 0.020750988142292492
3 0.9234375 0.6729249011857708 0.027604166666666666 0.10770750988142293
3 0.9026041666666667 0.6017786561264822 0.025 0.11067193675889328
3 0.790625 0.6037549407114624 0.027604166666666666 0.08399209486166008
3 0.803125 0.6966403162055336 0.0234375 0.09881422924901186
3 0.7677083333333333 0.674901185770751 0.033854166666666664 0.10770750988142293
3 0.9239583333333333 0.924901185770751 0.03177083333333333 0.1492094861660079
3 0.4114583333333333 0.6650197628458498 0.022395833333333334 0.09683794466403162
3 0.33958333333333335 0.4772727272727273 0.021875 0.06521739130434782
3 0.3880208333333333 0.40711462450592883 0.015625 0.05928853754940711
3 0.5005208333333333 0.4189723320158103 0.0140625 0.06521739130434782
3 0.6067708333333334 0.45652173913043476 0.021354166666666667 0.08201581027667984
3 0.6015625 0.3458498023715415 0.011979166666666667 0.05928853754940711
3 0.5703125 0.36561264822134387 0.013020833333333334 0.06126482213438735
3 0.7369791666666666 0.43873517786561267 0.018229166666666668 0.06719367588932806
4 0.0984375 0.41205533596837945 0.0296875 0.03557312252964427
4 0.13333333333333333 0.37648221343873517 0.022395833333333334 0.05928853754940711
4 0.1546875 0.33992094861660077 0.015625 0.05632411067193676
4 0.15989583333333332 0.2608695652173913 0.009375 0.043478260869565216
4 0.7708333333333334 0.33992094861660077 0.011979166666666667 0.058300395256917
4 0.8166666666666667 0.39031620553359686 0.018229166666666668 0.07114624505928854
4 0.8296875 0.35177865612648224 0.011458333333333333 0.03557312252964427
4 0.8473958333333333 0.3932806324110672 0.0109375 0.07213438735177866
4 0.8854166666666666 0.4673913043478261 0.015104166666666667 0.07905138339920949
4 0.9005208333333333 0.5049407114624506 0.0171875 0.07707509881422925
4 0.8958333333333334 0.49209486166007904 0.022395833333333334 0.09189723320158102
4 0.9588541666666667 0.5652173913043478 0.021875 0.0741106719367589
1 0.18229166666666666 0.37648221343873517 0.005729166666666666 0.01383399209486166
1 0.7661458333333333 0.38636363636363635 0.005208333333333333 0.012845849802371542
0 0.653125 0.23122529644268774 0.0036458333333333334 0.007905138339920948
0 0.6302083333333334 0.19960474308300397 0.0036458333333333334 0.00691699604743083
0 0.3484375 0.1956521739130435 0.004166666666666667 0.007905138339920948
0 0.32083333333333336 0.22826086956521738 0.0036458333333333334 0.007905138339920948