3 0.7 0.6185770750988142 0.0296875 0.13339920948616601
3 0.7770833333333333 0.6037549407114624 0.0359375 0.1274703557312253
3 0.4270833333333333 0.5 0.025 0.09189723320158102
3 0.6015625 0.49604743083003955 0.022916666666666665 0.0958498023715415
3 0.5385416666666667 0.4980237154150198 0.022395833333333334 0.09980237154150198
3 0.28802083333333334 0.5069169960474308 0.025 0.08992094861660078
3 0.03177083333333333 0.41007905138339923 0.020833333333333332 0.07707509881422925
3 0.3614583333333333 0.45652173913043476 0.0328125 0.08695652173913043
3 0.071875 0.4160079051383399 0.022916666666666665 0.0741106719367589
3 0.703125 0.4298418972332016 0.013541666666666667 0.08498023715415019
3 0.6291666666666667 0.4209486166007905 0.024479166666666666 0.07905138339920949
3 0.465625 0.41798418972332013 0.0203125 0.06719367588932806
3 0.303125 0.45948616600790515 0.0296875 0.07707509881422925
4 0.11145833333333334 0.325098814229249 0.013020833333333334 0.05928853754940711
4 0.49583333333333335 0.35375494071146246 0.0140625 0.06620553359683795
3 0.515625 0.41007905138339923 0.013541666666666667 0.06818181818181818
4 0.3260416666666667 0.35276679841897235 0.0125 0.06422924901185771
4 0.2890625 0.34881422924901184 0.0125 0.06225296442687747
4 0.38333333333333336 0.3547430830039526 0.015625 0.06521739130434782
4 0.79375 0.39031620553359686 0.014583333333333334 0.07114624505928854
0 0.07395833333333333 0.3567193675889328 0.005729166666666666 0.008893280632411068
4 0.7916666666666666 0.35177865612648224 0.0125 0.05928853754940711
4 0.20520833333333333 0.3438735177865613 0.013541666666666667 0.05237154150197629
4 0.4484375 0.36561264822134387 0.013541666666666667 0.05632411067193676
4 0.2786458333333333 0.3468379446640316 0.0125 0.058300395256917
4 0.7671875 0.3893280632411067 0.014583333333333334 0.06719367588932806
4 0.31979166666666664 0.3448616600790514 0.011979166666666667 0.05533596837944664
4 0.24166666666666667 0.3438735177865613 0.015104166666666667 0.04743083003952569
1 0.5583333333333333 0.4041501976284585 0.00625 0.011857707509881422
2 0.16875 0.208498023715415 0.008333333333333333 0.005928853754940711