4 0.06354166666666666 0.7055335968379447 0.03802083333333333 0.17687747035573123
3 0.7145833333333333 0.4634387351778656 0.04010416666666667 0.07806324110671936
3 0.5895833333333333 0.3952569169960474 0.0234375 0.06620553359683795
3 0.7578125 0.3685770750988142 0.015625 0.06521739130434782
3 0.7854166666666667 0.466403162055336 0.028645833333333332 0.08992094861660078
3 0.971875 0.4209486166007905 0.022395833333333334 0.07608695652173914
3 0.5744791666666667 0.3359683794466403 0.0109375 0.05434782608695652
3 0.5635416666666667 0.39031620553359686 0.021354166666666667 0.06620553359683795
3 0.7895833333333333 0.3685770750988142 0.0140625 0.05632411067193676
3 0.946875 0.4407114624505929 0.0296875 0.08695652173913043
3 0.7854166666666667 0.41798418972332013 0.0296875 0.07114624505928854
3 0.8859375 0.41106719367588934 0.03333333333333333 0.07114624505928854
3 0.909375 0.4031620553359684 0.0265625 0.07015810276679842
4 0.7083333333333334 0.3211462450592885 0.013020833333333334 0.05039525691699605
0 0.4036458333333333 0.3142292490118577 0.004166666666666667 0.007905138339920948
3 0.9291666666666667 0.4505928853754941 0.025520833333333333 0.0958498023715415
4 0.740625 0.3231225296442688 0.0140625 0.05533596837944664
1 0.9885416666666667 0.8102766798418972 0.011979166666666667 0.03458498023715415
0 0.2520833333333333 0.2984189723320158 0.003125 0.007905138339920948
3 0.5708333333333333 0.34288537549407117 0.021354166666666667 0.04841897233201581
4 0.7473958333333334 0.3290513833992095 0.009375 0.0533596837944664
1 0.9401041666666666 0.37648221343873517 0.0046875 0.009881422924901186