4 0.4401041666666667 0.19367588932806323 0.018229166666666668 0.0800395256916996
4 0.4473958333333333 0.20454545454545456 0.016666666666666666 0.07806324110671936
4 0.27447916666666666 0.2015810276679842 0.016666666666666666 0.07806324110671936
4 0.2140625 0.20553359683794467 0.019270833333333334 0.07312252964426877
4 0.011458333333333333 0.2015810276679842 0.0203125 0.07509881422924901
4 0.04114583333333333 0.20553359683794467 0.0171875 0.07213438735177866
4 0.07864583333333333 0.1976284584980237 0.015625 0.06818181818181818
4 0.08541666666666667 0.20454545454545456 0.022916666666666665 0.07015810276679842
4 0.10625 0.208498023715415 0.020833333333333332 0.05434782608695652
4 0.13697916666666668 0.21640316205533597 0.019270833333333334 0.045454545454545456
0 0.8161458333333333 0.24308300395256918 0.0067708333333333336 0.012845849802371542
0 0.4473958333333333 0.24110671936758893 0.005208333333333333 0.011857707509881422
3 0.48489583333333336 0.22332015810276679 0.014583333333333334 0.09090909090909091
3 0.5046875 0.3142292490118577 0.0265625 0.11363636363636363
2 0.49375 0.3221343873517787 0.008333333333333333 0.019762845849802372
3 0.33645833333333336 0.3201581027667984 0.0234375 0.1225296442687747
3 0.303125 0.2509881422924901 0.023958333333333335 0.09288537549407115
3 0.25625 0.3092885375494071 0.027083333333333334 0.11363636363636363
3 0.15 0.22826086956521738 0.01875 0.07608695652173914
3 0.025520833333333333 0.5533596837944664 0.050520833333333334 0.2124505928853755