3 0.7796875 0.5770750988142292 0.036458333333333336 0.17292490118577075
3 0.6578125 0.48221343873517786 0.026041666666666668 0.13438735177865613
3 0.43854166666666666 0.41798418972332013 0.022916666666666665 0.12450592885375494
3 0.47708333333333336 0.4743083003952569 0.03854166666666667 0.13438735177865613
3 0.3020833333333333 0.3221343873517787 0.035416666666666666 0.08992094861660078
4 0.09166666666666666 0.2707509881422925 0.01875 0.07707509881422925
3 0.5046875 0.3241106719367589 0.030208333333333334 0.08201581027667984
3 0.5765625 0.32608695652173914 0.015625 0.08893280632411067
4 0.12916666666666668 0.2648221343873518 0.021354166666666667 0.07509881422924901
4 0.014583333333333334 0.24802371541501977 0.016666666666666666 0.06521739130434782
3 0.5916666666666667 0.27964426877470355 0.0125 0.07114624505928854
3 0.540625 0.2776679841897233 0.015104166666666667 0.0691699604743083
4 0.8489583333333334 0.2865612648221344 0.016145833333333335 0.07608695652173914
4 0.9645833333333333 0.3468379446640316 0.021875 0.08695652173913043
3 0.4869791666666667 0.28063241106719367 0.016666666666666666 0.07114624505928854
4 0.06822916666666666 0.2737154150197628 0.019270833333333334 0.07608695652173914
3 0.49895833333333334 0.25790513833992096 0.015104166666666667 0.06818181818181818
4 0.9885416666666667 0.38537549407114624 0.022395833333333334 0.05434782608695652
4 0.9927083333333333 0.3547430830039526 0.013020833333333334 0.08498023715415019
1 0.11979166666666667 0.31225296442687744 0.005729166666666666 0.014822134387351778
3 0.5119791666666667 0.2618577075098814 0.014583333333333334 0.06719367588932806
4 0.9645833333333333 0.3092885375494071 0.018229166666666668 0.09189723320158102
0 0.6739583333333333 0.19367588932806323 0.0036458333333333334 0.007905138339920948
0 0.3302083333333333 0.16996047430830039 0.0036458333333333334 0.007905138339920948
0 0.640625 0.17094861660079053 0.0036458333333333334 0.007905138339920948
0 0.2989583333333333 0.1907114624505929 0.003125 0.007905138339920948
3 0.5015625 0.3211462450592885 0.016145833333333335 0.0958498023715415
3 0.48385416666666664 0.30434782608695654 0.015625 0.08201581027667984
1 0.8489583333333334 0.3181818181818182 0.0036458333333333334 0.011857707509881422
4 0.0640625 0.2964426877470356 0.014583333333333334 0.08399209486166008