3 0.7770833333333333 0.42193675889328064 0.033854166666666664 0.08201581027667984
3 0.5239583333333333 0.4614624505928854 0.030729166666666665 0.09288537549407115
3 0.7489583333333333 0.42292490118577075 0.03177083333333333 0.09486166007905138
3 0.44635416666666666 0.36363636363636365 0.017708333333333333 0.06225296442687747
3 0.6885416666666667 0.3922924901185771 0.0171875 0.07114624505928854
3 0.5760416666666667 0.391304347826087 0.021354166666666667 0.07608695652173914
3 0.6390625 0.3774703557312253 0.03333333333333333 0.06422924901185771
3 0.5541666666666667 0.44565217391304346 0.033854166666666664 0.08102766798418973
3 0.5489583333333333 0.3468379446640316 0.0203125 0.05533596837944664
3 0.4708333333333333 0.3310276679841897 0.014583333333333334 0.05928853754940711
3 0.7489583333333333 0.3695652173913043 0.022916666666666665 0.06225296442687747
3 0.6322916666666667 0.3557312252964427 0.022916666666666665 0.06620553359683795
0 0.384375 0.3073122529644269 0.0046875 0.007905138339920948
3 0.7177083333333333 0.3201581027667984 0.0140625 0.05928853754940711
0 0.23854166666666668 0.28952569169960474 0.003125 0.00691699604743083
4 0.6854166666666667 0.3132411067193676 0.0109375 0.04743083003952569
1 0.9119791666666667 0.3725296442687747 0.004166666666666667 0.009881422924901186
1 0.8348958333333333 0.8033596837944664 0.013541666666666667 0.030632411067193676