3 0.9864583333333333 0.41205533596837945 0.025520833333333333 0.07707509881422925
3 0.6197916666666666 0.4723320158102767 0.030729166666666665 0.09782608695652174
3 0.815625 0.4367588932806324 0.03177083333333333 0.10276679841897234
3 0.5760416666666667 0.3883399209486166 0.016145833333333335 0.07312252964426877
3 0.5307291666666667 0.34288537549407117 0.021875 0.05928853754940711
3 0.48125 0.3715415019762846 0.025 0.06620553359683795
3 0.7125 0.4041501976284585 0.028645833333333332 0.07312252964426877
3 0.8395833333333333 0.4288537549407115 0.021875 0.08596837944664032
3 0.6427083333333333 0.45553359683794464 0.018229166666666668 0.09189723320158102
3 0.6848958333333334 0.3557312252964427 0.01875 0.05928853754940711
3 0.73125 0.3695652173913043 0.016666666666666666 0.06324110671936758
3 0.5010416666666667 0.325098814229249 0.015104166666666667 0.06620553359683795
0 0.390625 0.3102766798418972 0.0036458333333333334 0.00691699604743083
0 0.24270833333333333 0.2924901185770751 0.0036458333333333334 0.00691699604743083
4 0.7234375 0.31719367588932806 0.0125 0.05533596837944664
1 0.8911458333333333 0.8033596837944664 0.013541666666666667 0.03359683794466403
1 0.9213541666666667 0.3725296442687747 0.0046875 0.010869565217391304
4 0.6947916666666667 0.3181818181818182 0.013020833333333334 0.05039525691699605
4 0.7296875 0.3241106719367589 0.010416666666666666 0.05237154150197629
2 0.4984375 0.3458498023715415 0.0078125 0.005928853754940711