3 0.16979166666666667 0.4268774703557312 0.028645833333333332 0.09090909090909091
3 0.4239583333333333 0.42391304347826086 0.0265625 0.0741106719367589
3 0.5052083333333334 0.4298418972332016 0.0234375 0.08794466403162056
3 0.25104166666666666 0.40810276679841895 0.020833333333333332 0.09683794466403162
3 0.0578125 0.41007905138339923 0.019791666666666666 0.08102766798418973
3 0.2947916666666667 0.4278656126482213 0.0234375 0.08596837944664032
3 0.521875 0.35375494071146246 0.021354166666666667 0.06422924901185771
3 0.37083333333333335 0.3725296442687747 0.023958333333333335 0.06719367588932806
3 0.3541666666666667 0.3893280632411067 0.025520833333333333 0.06620553359683795
3 0.28854166666666664 0.38537549407114624 0.024479166666666666 0.07015810276679842
3 0.5125 0.3300395256916996 0.019270833333333334 0.0533596837944664
3 0.3578125 0.3438735177865613 0.016666666666666666 0.05632411067193676
4 0.1890625 0.3241106719367589 0.015625 0.06521739130434782
0 0.9973958333333334 0.4199604743083004 0.005208333333333333 0.014822134387351778
0 0.659375 0.283596837944664 0.0036458333333333334 0.00691699604743083
1 0.190625 0.83399209486166 0.015104166666666667 0.03557312252964427
4 0.22291666666666668 0.31620553359683795 0.013020833333333334 0.0533596837944664
3 0.35208333333333336 0.3685770750988142 0.021354166666666667 0.06521739130434782
2 0.5083333333333333 0.3191699604743083 0.0078125 0.007905138339920948