3 0.25 0.5098814229249012 0.043229166666666666 0.17193675889328064
3 0.5322916666666667 0.4535573122529644 0.029166666666666667 0.1432806324110672
3 0.44479166666666664 0.40711462450592883 0.029166666666666667 0.12055335968379446
3 0.3 0.3181818181818182 0.019270833333333334 0.09782608695652174
3 0.1890625 0.33992094861660077 0.0234375 0.09387351778656126
3 0.3614583333333333 0.325098814229249 0.022395833333333334 0.08695652173913043
3 0.45416666666666666 0.3201581027667984 0.019791666666666666 0.09683794466403162
3 0.5239583333333333 0.24110671936758893 0.0125 0.06521739130434782
3 0.4703125 0.24703557312252963 0.014583333333333334 0.07806324110671936
3 0.3302083333333333 0.26976284584980237 0.0140625 0.07015810276679842
3 0.40677083333333336 0.23122529644268774 0.0171875 0.0533596837944664
3 0.046875 0.6067193675889329 0.042708333333333334 0.18379446640316205
3 0.45416666666666666 0.20355731225296442 0.011979166666666667 0.04841897233201581
3 0.3640625 0.2618577075098814 0.0125 0.06620553359683795
0 0.7166666666666667 0.18379446640316205 0.0036458333333333334 0.008893280632411068
0 0.7697916666666667 0.21739130434782608 0.004166666666666667 0.008893280632411068
0 0.3015625 0.21936758893280633 0.004166666666666667 0.008893280632411068
0 0.34479166666666666 0.18774703557312253 0.0036458333333333334 0.00691699604743083