3 0.09947916666666666 0.599802371541502 0.035416666666666666 0.1324110671936759
3 0.3614583333333333 0.525691699604743 0.0359375 0.10474308300395258
3 0.2760416666666667 0.5859683794466403 0.025 0.13142292490118576
3 0.5234375 0.45553359683794464 0.028125 0.08102766798418973
3 0.6010416666666667 0.45652173913043476 0.03177083333333333 0.07608695652173914
3 0.9 0.5612648221343873 0.023958333333333335 0.12549407114624506
3 0.34375 0.4634387351778656 0.0265625 0.08102766798418973
3 0.6453125 0.47134387351778656 0.022916666666666665 0.08893280632411067
4 0.734375 0.3468379446640316 0.0109375 0.06620553359683795
3 0.9385416666666667 0.567193675889328 0.03697916666666667 0.13438735177865613
4 0.8572916666666667 0.3547430830039526 0.015104166666666667 0.06126482213438735
3 0.37447916666666664 0.4268774703557312 0.022916666666666665 0.07707509881422925
3 0.4239583333333333 0.41106719367588934 0.0296875 0.06620553359683795
4 0.9135416666666667 0.3606719367588933 0.016145833333333335 0.06521739130434782
4 0.784375 0.35968379446640314 0.013541666666666667 0.05237154150197629
3 0.5104166666666666 0.44466403162055335 0.019791666666666666 0.07806324110671936
4 0.9276041666666667 0.358695652173913 0.0125 0.06620553359683795
4 0.9739583333333334 0.36264822134387353 0.013020833333333334 0.06225296442687747
2 0.4010416666666667 0.4041501976284585 0.009895833333333333 0.009881422924901186
3 0.6255208333333333 0.441699604743083 0.020833333333333332 0.0741106719367589
4 0.9864583333333333 0.3557312252964427 0.0125 0.06521739130434782
1 0.6666666666666666 0.3883399209486166 0.0046875 0.011857707509881422
0 0.04895833333333333 0.3814229249011858 0.004166666666666667 0.009881422924901186
4 0.99375 0.3577075098814229 0.011458333333333333 0.06521739130434782
4 0.46770833333333334 0.35079051383399207 0.011458333333333333 0.05632411067193676
3 0.6427083333333333 0.44367588932806323 0.0203125 0.0741106719367589
4 0.4453125 0.3547430830039526 0.013541666666666667 0.05731225296442688
4 0.4791666666666667 0.3547430830039526 0.011979166666666667 0.05928853754940711