3 0.4421875 0.2549407114624506 0.041666666666666664 0.21047430830039526
3 0.5635416666666667 0.2924901185770751 0.04114583333333333 0.20652173913043478
3 0.13020833333333334 0.25691699604743085 0.046875 0.191699604743083
3 0.7958333333333333 0.2707509881422925 0.03854166666666667 0.23616600790513834
3 0.32083333333333336 0.2855731225296443 0.04739583333333333 0.23023715415019763
4 0.0078125 0.14525691699604742 0.015625 0.09881422924901186
4 0.12291666666666666 0.11758893280632411 0.015104166666666667 0.06818181818181818
4 0.8953125 0.1422924901185771 0.016666666666666666 0.07213438735177866
4 0.07604166666666666 0.11166007905138339 0.0140625 0.06324110671936758
4 0.178125 0.11561264822134387 0.019791666666666666 0.0691699604743083
4 0.14947916666666666 0.11758893280632411 0.015625 0.0691699604743083
4 0.053125 0.12549407114624506 0.017708333333333333 0.06719367588932806
4 0.9114583333333334 0.1442687747035573 0.0171875 0.07806324110671936
4 0.1359375 0.11758893280632411 0.014583333333333334 0.07015810276679842
4 0.9010416666666666 0.16403162055335968 0.022916666666666665 0.036561264822134384
0 0.3140625 0.11067193675889328 0.004166666666666667 0.007905138339920948
0 0.659375 0.11264822134387352 0.0036458333333333334 0.00691699604743083
4 0.7984375 0.12549407114624506 0.014583333333333334 0.0691699604743083
3 0.5546875 0.09782608695652174 0.0067708333333333336 0.03458498023715415
1 0.17239583333333333 0.1492094861660079 0.005208333333333333 0.008893280632411068
1 0.7989583333333333 0.15217391304347827 0.004166666666666667 0.008893280632411068
3 0.5364583333333334 0.09683794466403162 0.0067708333333333336 0.029644268774703556
3 0.5192708333333333 0.09782608695652174 0.00625 0.03162055335968379
3 0.5057291666666667 0.09881422924901186 0.00625 0.03162055335968379
3 0.4947916666666667 0.09881422924901186 0.0067708333333333336 0.03458498023715415
3 0.47708333333333336 0.1007905138339921 0.008333333333333333 0.030632411067193676
3 0.42552083333333335 0.09881422924901186 0.0078125 0.03458498023715415