3 0.19895833333333332 0.5286561264822134 0.04739583333333333 0.16798418972332016
3 0.596875 0.3942687747035573 0.028645833333333332 0.14130434782608695
3 0.39375 0.31620553359683795 0.0234375 0.12351778656126482
3 0.30833333333333335 0.30533596837944665 0.021354166666666667 0.09387351778656126
3 0.49322916666666666 0.2994071146245059 0.019791666666666666 0.08794466403162056
3 0.5572916666666666 0.2766798418972332 0.022395833333333334 0.09387351778656126
3 0.540625 0.31719367588932806 0.021354166666666667 0.11067193675889328
4 0.8854166666666666 0.20553359683794467 0.021875 0.06620553359683795
4 0.99375 0.274703557312253 0.0125 0.10375494071146245
4 0.9552083333333333 0.21739130434782608 0.019791666666666666 0.06818181818181818
4 0.203125 0.2134387351778656 0.015104166666666667 0.07213438735177866
4 0.8229166666666666 0.20553359683794467 0.016666666666666666 0.06324110671936758
4 0.9260416666666667 0.1907114624505929 0.013541666666666667 0.06126482213438735
3 0.45208333333333334 0.18379446640316205 0.011979166666666667 0.05731225296442688
4 0.09270833333333334 0.25691699604743085 0.011979166666666667 0.07213438735177866
3 0.5770833333333333 0.17391304347826086 0.011458333333333333 0.04841897233201581
3 0.5546875 0.1857707509881423 0.011458333333333333 0.05039525691699605
4 0.1171875 0.2549407114624506 0.015625 0.07509881422924901
3 0.4822916666666667 0.19861660079051383 0.011979166666666667 0.0533596837944664
4 0.8526041666666667 0.20652173913043478 0.014583333333333334 0.06818181818181818
4 0.8614583333333333 0.208498023715415 0.0140625 0.06818181818181818
4 0.11197916666666667 0.233201581027668 0.016666666666666666 0.08102766798418973
1 0.8302083333333333 0.2381422924901186 0.005729166666666666 0.012845849802371542
2 0.5151041666666667 0.10177865612648221 0.011979166666666667 0.011857707509881422
3 0.4979166666666667 0.17687747035573123 0.0109375 0.046442687747035576
3 0.4734375 0.16897233201581027 0.008854166666666666 0.042490118577075096
0 0.6875 0.16106719367588934 0.0036458333333333334 0.007905138339920948
0 0.34270833333333334 0.16403162055335968 0.0036458333333333334 0.00691699604743083
4 0.10052083333333334 0.27964426877470355 0.028645833333333332 0.038537549407114624
3 0.4635416666666667 0.17588932806324112 0.008333333333333333 0.040513833992094864