0 0.9890625 0.40217391304347827 0.007291666666666667 0.017786561264822136
0 0.20885416666666667 0.3211462450592885 0.005208333333333333 0.01383399209486166
3 0.42604166666666665 0.274703557312253 0.018229166666666668 0.06027667984189723
2 0.4635416666666667 0.2964426877470356 0.0078125 0.007905138339920948
3 0.45 0.48221343873517786 0.0328125 0.10276679841897234
3 0.44166666666666665 0.5247035573122529 0.026041666666666668 0.13339920948616601
3 0.22239583333333332 0.4851778656126482 0.03125 0.11166007905138339
3 0.24583333333333332 0.5009881422924901 0.03177083333333333 0.11166007905138339
3 0.2546875 0.6086956521739131 0.044270833333333336 0.15019762845849802
3 0.17604166666666668 0.4199604743083004 0.03229166666666667 0.09486166007905138
3 0.14427083333333332 0.5741106719367589 0.025 0.13537549407114624
3 0.05677083333333333 0.43873517786561267 0.030729166666666665 0.10375494071146245