3 0.69375 0.4407114624505929 0.022395833333333334 0.11166007905138339
4 0.13645833333333332 0.24703557312252963 0.0171875 0.0691699604743083
3 0.5479166666666667 0.3705533596837945 0.027083333333333334 0.0958498023715415
3 0.46875 0.43379446640316205 0.025 0.05138339920948617
4 0.16666666666666666 0.24308300395256918 0.0203125 0.06620553359683795
3 0.42083333333333334 0.29150197628458496 0.015625 0.08201581027667984
4 0.06145833333333333 0.22826086956521738 0.013541666666666667 0.058300395256917
4 0.8078125 0.2598814229249012 0.013541666666666667 0.07015810276679842
3 0.453125 0.2648221343873518 0.021875 0.06620553359683795
4 0.8989583333333333 0.31126482213438733 0.016145833333333335 0.08102766798418973
3 0.5864583333333333 0.2440711462450593 0.013020833333333334 0.06225296442687747
4 0.11510416666666666 0.2618577075098814 0.016145833333333335 0.07213438735177866
3 0.5114583333333333 0.23517786561264822 0.0125 0.05731225296442688
3 0.5291666666666667 0.29051383399209485 0.016145833333333335 0.08201581027667984
4 0.9229166666666667 0.31225296442687744 0.016145833333333335 0.07905138339920949
4 0.1015625 0.24703557312252963 0.017708333333333333 0.06422924901185771
3 0.48541666666666666 0.2855731225296443 0.011458333333333333 0.07608695652173914
4 0.9041666666666667 0.2766798418972332 0.015104166666666667 0.0800395256916996
3 0.5479166666666667 0.29051383399209485 0.013541666666666667 0.07509881422924901
3 0.4973958333333333 0.25 0.011458333333333333 0.058300395256917
3 0.559375 0.2440711462450593 0.013020833333333334 0.06719367588932806
1 0.16041666666666668 0.2826086956521739 0.005208333333333333 0.012845849802371542
0 0.3104166666666667 0.18379446640316205 0.0036458333333333334 0.007905138339920948
4 0.9177083333333333 0.33992094861660077 0.0234375 0.04841897233201581
0 0.6614583333333334 0.1857707509881423 0.0036458333333333334 0.007905138339920948
0 0.3375 0.16304347826086957 0.003125 0.00691699604743083
0 0.6333333333333333 0.16699604743083005 0.003125 0.00691699604743083
3 0.553125 0.2658102766798419 0.0109375 0.06620553359683795
3 0.475 0.283596837944664 0.011979166666666667 0.07312252964426877