3 0.7265625 0.274703557312253 0.03854166666666667 0.18675889328063242
3 0.446875 0.26679841897233203 0.033854166666666664 0.16897233201581027
3 0.32708333333333334 0.3310276679841897 0.043229166666666666 0.20553359683794467
3 0.28541666666666665 0.23715415019762845 0.040625 0.14723320158102768
3 0.5333333333333333 0.2727272727272727 0.03333333333333333 0.14723320158102768
3 0.8822916666666667 0.26778656126482214 0.035416666666666666 0.1482213438735178
4 0.0067708333333333336 0.17391304347826086 0.013541666666666667 0.10375494071146245
4 0.07395833333333333 0.12845849802371542 0.0140625 0.06818181818181818
4 0.11770833333333333 0.1383399209486166 0.016666666666666666 0.06818181818181818
4 0.7984375 0.14624505928853754 0.0125 0.06521739130434782
4 0.17760416666666667 0.13636363636363635 0.01875 0.0691699604743083
4 0.9026041666666667 0.1907114624505929 0.0203125 0.038537549407114624
3 0.553125 0.116600790513834 0.008854166666666666 0.04743083003952569
4 0.06666666666666667 0.1422924901185771 0.016145833333333335 0.0741106719367589
4 0.8864583333333333 0.16699604743083005 0.020833333333333332 0.07114624505928854
4 0.9114583333333334 0.16996047430830039 0.0125 0.08102766798418973
1 0.17083333333333334 0.16897233201581027 0.005208333333333333 0.012845849802371542
4 0.140625 0.13932806324110672 0.019270833333333334 0.06818181818181818
3 0.534375 0.11067193675889328 0.007291666666666667 0.03458498023715415
3 0.49166666666666664 0.11264822134387352 0.0078125 0.039525691699604744
3 0.5072916666666667 0.116600790513834 0.0078125 0.042490118577075096
3 0.42083333333333334 0.10968379446640317 0.008333333333333333 0.039525691699604744
4 0.14791666666666667 0.1383399209486166 0.013020833333333334 0.07015810276679842
3 0.46822916666666664 0.11462450592885376 0.008333333333333333 0.037549407114624504
0 0.31302083333333336 0.1225296442687747 0.003125 0.00691699604743083
1 0.7984375 0.17391304347826086 0.005729166666666666 0.010869565217391304
3 0.5192708333333333 0.11561264822134387 0.007291666666666667 0.037549407114624504
0 0.63125 0.11462450592885376 0.0020833333333333333 0.004940711462450593
0 0.6583333333333333 0.12450592885375494 0.0020833333333333333 0.007905138339920948