0 0.7479166666666667 0.17391304347826086 0.0046875 0.009881422924901186
0 0.7041666666666667 0.1442687747035573 0.0036458333333333334 0.00691699604743083
0 0.33645833333333336 0.1432806324110672 0.0036458333333333334 0.008893280632411068
0 0.28802083333333334 0.16996047430830039 0.0036458333333333334 0.009881422924901186
3 0.6515625 0.1650197628458498 0.0140625 0.045454545454545456
3 0.6666666666666666 0.20652173913043478 0.0171875 0.06521739130434782
3 0.6666666666666666 0.2628458498023715 0.028125 0.08596837944664032
3 0.63125 0.16304347826086957 0.013541666666666667 0.044466403162055336
3 0.5989583333333334 0.17984189723320157 0.022916666666666665 0.06027667984189723
3 0.6109375 0.18280632411067194 0.023958333333333335 0.06620553359683795
3 0.6265625 0.23715415019762845 0.021875 0.07707509881422925
3 0.5234375 0.14723320158102768 0.009375 0.05138339920948617
3 0.5484375 0.2183794466403162 0.016666666666666666 0.07509881422924901
3 0.5369791666666667 0.24209486166007904 0.01875 0.08102766798418973
3 0.45677083333333335 0.2658102766798419 0.018229166666666668 0.08893280632411067
3 0.42604166666666665 0.16699604743083005 0.0125 0.05632411067193676
3 0.4078125 0.18379446640316205 0.011979166666666667 0.06324110671936758
3 0.2520833333333333 0.22924901185770752 0.0203125 0.08596837944664032