4 0.05 0.841897233201581 0.05625 0.208498023715415
4 0.11770833333333333 0.7272727272727273 0.043229166666666666 0.1808300395256917
4 0.08333333333333333 0.6768774703557312 0.03802083333333333 0.1650197628458498
4 0.05625 0.5563241106719368 0.029166666666666667 0.11956521739130435
4 0.10520833333333333 0.5454545454545454 0.027083333333333334 0.12450592885375494
4 0.99375 0.33794466403162055 0.0125 0.08695652173913043
4 0.978125 0.3359683794466403 0.0203125 0.0741106719367589
4 0.965625 0.31719367588932806 0.01875 0.07114624505928854
4 0.9296875 0.3181818181818182 0.016145833333333335 0.06620553359683795
4 0.9130208333333333 0.31719367588932806 0.017708333333333333 0.0533596837944664
4 0.86875 0.31126482213438733 0.0234375 0.05533596837944664
4 0.8135416666666667 0.2845849802371542 0.016145833333333335 0.06422924901185771
4 0.7625 0.2707509881422925 0.015104166666666667 0.06719367588932806
4 0.7255208333333333 0.25790513833992096 0.009375 0.05928853754940711
4 0.6802083333333333 0.23715415019762845 0.0125 0.05731225296442688
2 0.7005208333333334 0.2450592885375494 0.0109375 0.009881422924901186
0 0.0203125 0.38537549407114624 0.00625 0.016798418972332016
0 0.5041666666666667 0.21541501976284586 0.004166666666666667 0.009881422924901186
0 0.6427083333333333 0.2628458498023715 0.003125 0.009881422924901186
3 0.6380208333333334 0.2727272727272727 0.013541666666666667 0.06521739130434782
3 0.7322916666666667 0.28063241106719367 0.016145833333333335 0.05434782608695652
3 0.6395833333333333 0.3409090909090909 0.016145833333333335 0.08992094861660078
3 0.6192708333333333 0.3310276679841897 0.016666666666666666 0.07905138339920949
3 0.5479166666666667 0.24308300395256918 0.017708333333333333 0.05237154150197629
3 0.42552083333333335 0.22134387351778656 0.017708333333333333 0.046442687747035576
3 0.4010416666666667 0.24011857707509882 0.013020833333333334 0.046442687747035576
3 0.3489583333333333 0.26679841897233203 0.016666666666666666 0.06324110671936758
3 0.4359375 0.2391304347826087 0.0125 0.037549407114624504
3 0.43020833333333336 0.26877470355731226 0.009375 0.05632411067193676
3 0.4421875 0.2618577075098814 0.0125 0.05632411067193676
3 0.48333333333333334 0.24011857707509882 0.0125 0.05237154150197629
3 0.4796875 0.2974308300395257 0.011458333333333333 0.06818181818181818
3 0.5083333333333333 0.2845849802371542 0.013020833333333334 0.07509881422924901