4 0.4942708333333333 0.8438735177865613 0.07291666666666667 0.3102766798418972
4 0.7729166666666667 0.8903162055335968 0.11145833333333334 0.21739130434782608
3 0.80625 0.44466403162055335 0.052083333333333336 0.12845849802371542
3 0.6979166666666666 0.3952569169960474 0.044270833333333336 0.10770750988142293
3 0.834375 0.3814229249011858 0.043229166666666666 0.10276679841897234
3 0.40520833333333334 0.30632411067193677 0.0203125 0.07608695652173914
3 0.6640625 0.3725296442687747 0.035416666666666666 0.09980237154150198
3 0.22083333333333333 0.3102766798418972 0.015625 0.0691699604743083
4 0.9177083333333333 0.29347826086956524 0.0140625 0.08102766798418973
3 0.2916666666666667 0.29446640316205536 0.014583333333333334 0.06027667984189723
3 0.15416666666666667 0.27964426877470355 0.018229166666666668 0.05731225296442688
1 0.26666666666666666 0.6314229249011858 0.011458333333333333 0.03162055335968379
3 0.4265625 0.29150197628458496 0.0125 0.058300395256917
3 0.73125 0.34782608695652173 0.0203125 0.09189723320158102
3 0.35625 0.274703557312253 0.013541666666666667 0.05138339920948617
3 0.17604166666666668 0.2994071146245059 0.0140625 0.06027667984189723
4 0.975 0.31225296442687744 0.021875 0.06324110671936758
4 0.640625 0.2727272727272727 0.013020833333333334 0.05731225296442688
4 0.609375 0.26778656126482214 0.011979166666666667 0.05138339920948617
1 0.8145833333333333 0.3231225296442688 0.005208333333333333 0.010869565217391304
0 0.23020833333333332 0.25296442687747034 0.0036458333333333334 0.00691699604743083