3 0.5223958333333333 0.4357707509881423 0.030208333333333334 0.11956521739130435
3 0.2989583333333333 0.5158102766798419 0.023958333333333335 0.1541501976284585
3 0.38333333333333336 0.43379446640316205 0.027083333333333334 0.11956521739130435
3 0.5635416666666667 0.3675889328063241 0.021354166666666667 0.10375494071146245
3 0.5916666666666667 0.2845849802371542 0.022395833333333334 0.06620553359683795
3 0.440625 0.30632411067193677 0.0171875 0.08102766798418973
4 0.884375 0.25889328063241107 0.016666666666666666 0.07509881422924901
3 0.48385416666666664 0.30434782608695654 0.017708333333333333 0.09288537549407115
4 0.8505208333333333 0.2519762845849802 0.020833333333333332 0.07114624505928854
4 0.06875 0.325098814229249 0.0203125 0.08102766798418973
4 0.9614583333333333 0.2381422924901186 0.016666666666666666 0.06225296442687747
3 0.41041666666666665 0.2618577075098814 0.0140625 0.06521739130434782
3 0.5166666666666667 0.29446640316205536 0.015104166666666667 0.07905138339920949
3 0.5354166666666667 0.3102766798418972 0.021875 0.07905138339920949
4 0.17291666666666666 0.2707509881422925 0.015104166666666667 0.07608695652173914
3 0.4942708333333333 0.24802371541501977 0.0125 0.06027667984189723
4 0.9119791666666667 0.2717391304347826 0.020833333333333332 0.09288537549407115
3 0.5130208333333334 0.2440711462450593 0.013541666666666667 0.05731225296442688
3 0.4609375 0.2490118577075099 0.013541666666666667 0.06027667984189723
4 0.040625 0.32806324110671936 0.019270833333333334 0.07608695652173914
4 0.05 0.3606719367588933 0.025520833333333333 0.04841897233201581
1 0.859375 0.2974308300395257 0.005208333333333333 0.014822134387351778
0 0.6958333333333333 0.18675889328063242 0.0036458333333333334 0.007905138339920948
0 0.6666666666666666 0.16600790513833993 0.0036458333333333334 0.007905138339920948
0 0.33229166666666665 0.18972332015810275 0.0036458333333333334 0.008893280632411068
4 0.06666666666666667 0.2964426877470356 0.015625 0.09486166007905138
0 0.36302083333333335 0.16897233201581027 0.003125 0.007905138339920948
3 0.45677083333333335 0.2717391304347826 0.0140625 0.06521739130434782