3 0.14270833333333333 0.5701581027667985 0.03802083333333333 0.17984189723320157
3 0.5848958333333333 0.5405138339920948 0.035416666666666666 0.1541501976284585
3 0.24791666666666667 0.5316205533596838 0.03177083333333333 0.1551383399209486
3 0.6442708333333333 0.45849802371541504 0.034375 0.14130434782608695
3 0.884375 0.3942687747035573 0.027604166666666666 0.12549407114624506
3 0.43697916666666664 0.3409090909090909 0.026041666666666668 0.0958498023715415
4 0.11614583333333334 0.30039525691699603 0.017708333333333333 0.08498023715415019
4 0.95 0.283596837944664 0.022395833333333334 0.08399209486166008
4 0.90625 0.27865612648221344 0.024479166666666666 0.07806324110671936
3 0.5197916666666667 0.33201581027667987 0.01875 0.1067193675889328
3 0.48541666666666666 0.32806324110671936 0.021875 0.0800395256916996
3 0.7020833333333333 0.3290513833992095 0.019270833333333334 0.09288537549407115
4 0.9796875 0.2924901185770751 0.020833333333333332 0.08596837944664032
3 0.41770833333333335 0.2826086956521739 0.015104166666666667 0.07312252964426877
4 0.9875 0.3092885375494071 0.018229166666666668 0.09683794466403162
3 0.48854166666666665 0.27964426877470355 0.0171875 0.0741106719367589
1 0.9203125 0.3310276679841897 0.00625 0.015810276679841896
3 0.5015625 0.2737154150197628 0.0171875 0.06521739130434782
0 0.7114583333333333 0.19466403162055335 0.0036458333333333334 0.008893280632411068
3 0.5296875 0.2756916996047431 0.016666666666666666 0.06620553359683795
3 0.5364583333333334 0.30335968379446643 0.019791666666666666 0.07905138339920949
0 0.6776041666666667 0.16996047430830039 0.0036458333333333334 0.00691699604743083
0 0.31875 0.1966403162055336 0.004166666666666667 0.007905138339920948
0 0.353125 0.17292490118577075 0.0036458333333333334 0.00691699604743083
2 0.8807291666666667 0.3448616600790514 0.013020833333333334 0.01383399209486166
4 0.8895833333333333 0.24011857707509882 0.030729166666666665 0.017786561264822136
1 0.11614583333333334 0.33695652173913043 0.005208333333333333 0.01383399209486166