3 0.5484375 0.27964426877470355 0.03125 0.1541501976284585
3 0.2942708333333333 0.2845849802371542 0.029166666666666667 0.17490118577075098
3 0.47291666666666665 0.27964426877470355 0.030729166666666665 0.1324110671936759
3 0.66875 0.358695652173913 0.03697916666666667 0.1857707509881423
3 0.15416666666666667 0.27964426877470355 0.0328125 0.13636363636363635
3 0.6791666666666667 0.25592885375494073 0.030208333333333334 0.14624505928853754
4 0.9932291666666667 0.1907114624505929 0.013541666666666667 0.1007905138339921
4 0.8802083333333334 0.14723320158102768 0.015625 0.07114624505928854
4 0.9260416666666667 0.13932806324110672 0.0140625 0.06719367588932806
4 0.115625 0.18379446640316205 0.016666666666666666 0.07707509881422925
4 0.821875 0.14723320158102768 0.01875 0.06620553359683795
3 0.5348958333333333 0.1225296442687747 0.008333333333333333 0.039525691699604744
4 0.08958333333333333 0.18379446640316205 0.0125 0.0741106719367589
3 0.5791666666666667 0.12154150197628459 0.008854166666666666 0.039525691699604744
3 0.44895833333333335 0.12549407114624506 0.009895833333333333 0.046442687747035576
4 0.8598958333333333 0.15019762845849802 0.014583333333333334 0.0691699604743083
4 0.934375 0.1541501976284585 0.021875 0.07213438735177866
4 0.8546875 0.15019762845849802 0.013541666666666667 0.06620553359683795
4 0.2015625 0.15711462450592886 0.014583333333333334 0.0691699604743083
3 0.5083333333333333 0.12055335968379446 0.0078125 0.038537549407114624
4 0.10572916666666667 0.16403162055335968 0.01875 0.08300395256916997
3 0.49270833333333336 0.1274703557312253 0.0078125 0.045454545454545456
1 0.8296875 0.17984189723320157 0.00625 0.012845849802371542
0 0.6869791666666667 0.12845849802371542 0.0036458333333333334 0.008893280632411068
3 0.46770833333333334 0.11758893280632411 0.0078125 0.03458498023715415
0 0.3416666666666667 0.12944664031620554 0.003125 0.008893280632411068
3 0.48072916666666665 0.12351778656126482 0.008854166666666666 0.038537549407114624
4 0.09791666666666667 0.20454545454545456 0.022395833333333334 0.037549407114624504
0 0.3692708333333333 0.12055335968379446 0.003125 0.007905138339920948
1 0.20208333333333334 0.18478260869565216 0.004166666666666667 0.010869565217391304