3 0.9395833333333333 0.5207509881422925 0.034895833333333334 0.1442687747035573
3 0.5052083333333334 0.4851778656126482 0.0296875 0.16996047430830039
3 0.6770833333333334 0.4397233201581028 0.028645833333333332 0.13636363636363635
3 0.5427083333333333 0.3191699604743083 0.0234375 0.09387351778656126
3 0.6125 0.441699604743083 0.022395833333333334 0.12549407114624506
3 0.43802083333333336 0.24110671936758893 0.013541666666666667 0.06027667984189723
3 0.5833333333333334 0.28063241106719367 0.017708333333333333 0.0741106719367589
3 0.4109375 0.8675889328063241 0.05416666666666667 0.2618577075098814
3 0.5098958333333333 0.233201581027668 0.011458333333333333 0.06422924901185771
3 0.63125 0.3725296442687747 0.0234375 0.09782608695652174
3 0.3697916666666667 0.8883399209486166 0.0546875 0.22233201581027667
3 0.65 0.3606719367588933 0.018229166666666668 0.10276679841897234
4 0.95625 0.27964426877470355 0.015625 0.08102766798418973
3 0.853125 0.892292490118577 0.06822916666666666 0.2134387351778656
3 0.7989583333333333 0.8063241106719368 0.0625 0.2707509881422925
0 0.12708333333333333 0.2727272727272727 0.0046875 0.011857707509881422
0 0.7432291666666667 0.2727272727272727 0.004166666666666667 0.011857707509881422
0 0.6776041666666667 0.22134387351778656 0.004166666666666667 0.010869565217391304
0 0.22083333333333333 0.2183794466403162 0.0036458333333333334 0.008893280632411068