3 0.8302083333333333 0.4268774703557312 0.028645833333333332 0.09090909090909091
3 0.5760416666666667 0.42391304347826086 0.0265625 0.0741106719367589
3 0.4947916666666667 0.4298418972332016 0.0234375 0.08794466403162056
3 0.7489583333333333 0.40810276679841895 0.020833333333333332 0.09683794466403162
3 0.9421875 0.41007905138339923 0.019791666666666666 0.08102766798418973
3 0.7052083333333333 0.4278656126482213 0.0234375 0.08596837944664032
3 0.478125 0.35375494071146246 0.021354166666666667 0.06422924901185771
3 0.6291666666666667 0.3725296442687747 0.023958333333333335 0.06719367588932806
3 0.6458333333333334 0.3893280632411067 0.025520833333333333 0.06620553359683795
3 0.7114583333333333 0.38537549407114624 0.024479166666666666 0.07015810276679842
3 0.4875 0.3300395256916996 0.019270833333333334 0.0533596837944664
3 0.6421875 0.3438735177865613 0.016666666666666666 0.05632411067193676
4 0.8109375 0.3241106719367589 0.015625 0.06521739130434782
0 0.0026041666666666665 0.4199604743083004 0.005208333333333333 0.014822134387351778
0 0.340625 0.283596837944664 0.0036458333333333334 0.00691699604743083
1 0.809375 0.83399209486166 0.015104166666666667 0.03557312252964427
4 0.7770833333333333 0.31620553359683795 0.013020833333333334 0.0533596837944664
3 0.6479166666666667 0.3685770750988142 0.021354166666666667 0.06521739130434782
2 0.49166666666666664 0.3191699604743083 0.0078125 0.007905138339920948