3 0.171875 0.5296442687747036 0.049479166666666664 0.18280632411067194
3 0.3802083333333333 0.31719367588932806 0.022916666666666665 0.12944664031620554
3 0.615625 0.3942687747035573 0.0265625 0.1442687747035573
3 0.2859375 0.30533596837944665 0.025 0.10276679841897234
3 0.540625 0.31620553359683795 0.0234375 0.11857707509881422
3 0.4901041666666667 0.2984189723320158 0.019791666666666666 0.0958498023715415
3 0.5697916666666667 0.2776679841897233 0.019270833333333334 0.09683794466403162
4 0.8833333333333333 0.1976284584980237 0.020833333333333332 0.06620553359683795
4 0.9447916666666667 0.20948616600790515 0.023958333333333335 0.0691699604743083
4 0.8630208333333333 0.2015810276679842 0.009375 0.06719367588932806
4 0.9260416666666667 0.18379446640316205 0.014583333333333334 0.06126482213438735
4 0.825 0.1956521739130435 0.022395833333333334 0.06620553359683795
4 0.99375 0.2648221343873518 0.011979166666666667 0.09980237154150198
3 0.5770833333333333 0.16403162055335968 0.0109375 0.04743083003952569
4 0.203125 0.20652173913043478 0.015625 0.07312252964426877
2 0.5859375 0.022727272727272728 0.010416666666666666 0.009881422924901186
3 0.5520833333333334 0.17687747035573123 0.011458333333333333 0.05138339920948617
3 0.45364583333333336 0.17490118577075098 0.0125 0.05928853754940711
4 0.09322916666666667 0.24703557312252963 0.013541666666666667 0.07114624505928854
3 0.5010416666666667 0.16600790513833993 0.011458333333333333 0.044466403162055336
1 0.83125 0.23023715415019763 0.005729166666666666 0.012845849802371542
3 0.4796875 0.18280632411067194 0.011458333333333333 0.045454545454545456
4 0.11822916666666666 0.24209486166007904 0.014583333333333334 0.0741106719367589
4 0.11145833333333334 0.22134387351778656 0.014583333333333334 0.07806324110671936
3 0.4671875 0.16600790513833993 0.009375 0.046442687747035576
0 0.6869791666666667 0.15711462450592886 0.0036458333333333334 0.008893280632411068
0 0.34322916666666664 0.1600790513833992 0.0036458333333333334 0.007905138339920948
4 0.10104166666666667 0.26976284584980237 0.023958333333333335 0.03557312252964427
1 0.20364583333333333 0.23715415019762845 0.0036458333333333334 0.009881422924901186
0 0.3703125 0.14525691699604742 0.0026041666666666665 0.00691699604743083
3 0.47239583333333335 0.1600790513833992 0.00625 0.037549407114624504
4 0.8541666666666666 0.19861660079051383 0.0109375 0.06620553359683795