3 0.11354166666666667 0.44861660079051385 0.04375 0.12549407114624506
3 0.19583333333333333 0.41798418972332013 0.03697916666666667 0.1274703557312253
4 0.9833333333333333 0.30138339920948615 0.03333333333333333 0.08893280632411067
3 0.5135416666666667 0.383399209486166 0.0234375 0.10968379446640317
4 0.051041666666666666 0.3310276679841897 0.021354166666666667 0.09782608695652174
3 0.5104166666666666 0.25889328063241107 0.015625 0.07806324110671936
3 0.3765625 0.29446640316205536 0.043229166666666666 0.06818181818181818
3 0.5739583333333333 0.2618577075098814 0.018229166666666668 0.07509881422924901
3 0.4578125 0.3715415019762846 0.029166666666666667 0.09782608695652174
3 0.325 0.27865612648221344 0.026041666666666668 0.07015810276679842
3 0.41302083333333334 0.2134387351778656 0.0125 0.0533596837944664
3 0.4479166666666667 0.2924901185770751 0.019270833333333334 0.09782608695652174
3 0.34479166666666666 0.22332015810276679 0.021875 0.05039525691699605
2 0.171875 0.32707509881422925 0.011979166666666667 0.011857707509881422
1 0.996875 0.36462450592885376 0.00625 0.017786561264822136
3 0.37916666666666665 0.24110671936758893 0.016145833333333335 0.06126482213438735
0 0.30364583333333334 0.20355731225296442 0.004166666666666667 0.008893280632411068
0 0.7286458333333333 0.2015810276679842 0.004166666666666667 0.007905138339920948
0 0.6875 0.17391304347826086 0.003125 0.00691699604743083
0 0.34375 0.17786561264822134 0.0036458333333333334 0.007905138339920948
4 0.9322916666666666 0.2519762845849802 0.030208333333333334 0.017786561264822136
1 0.05 0.37450592885375494 0.0067708333333333336 0.016798418972332016
3 0.3828125 0.2855731225296443 0.029166666666666667 0.07015810276679842
3 0.37135416666666665 0.22035573122529645 0.013020833333333334 0.039525691699604744