3 0.403125 0.33992094861660077 0.030729166666666665 0.09881422924901186
3 0.7864583333333334 0.34881422924901184 0.024479166666666666 0.09980237154150198
3 0.5729166666666666 0.5691699604743083 0.04791666666666667 0.16798418972332016
4 0.928125 0.2845849802371542 0.029166666666666667 0.08201581027667984
4 0.9645833333333333 0.29051383399209485 0.026041666666666668 0.08794466403162056
3 0.6989583333333333 0.35276679841897235 0.0234375 0.11363636363636363
3 0.33229166666666665 0.3794466403162055 0.027604166666666666 0.09486166007905138
3 0.44895833333333335 0.29150197628458496 0.0140625 0.08201581027667984
3 0.5703125 0.2855731225296443 0.01875 0.07509881422924901
3 0.4979166666666667 0.30434782608695654 0.0234375 0.0800395256916996
4 0.08333333333333333 0.31126482213438733 0.0203125 0.08695652173913043
3 0.5979166666666667 0.2885375494071146 0.015104166666666667 0.07213438735177866
3 0.5713541666666667 0.20355731225296442 0.0125 0.05434782608695652
2 0.34427083333333336 0.3814229249011858 0.013541666666666667 0.015810276679841896
3 0.5260416666666666 0.2885375494071146 0.0171875 0.09288537549407115
3 0.5583333333333333 0.19861660079051383 0.0109375 0.04841897233201581
1 0.934375 0.33992094861660077 0.0067708333333333336 0.015810276679841896
3 0.49375 0.2885375494071146 0.019270833333333334 0.07806324110671936
0 0.7114583333333333 0.1976284584980237 0.0036458333333333334 0.008893280632411068
0 0.3072916666666667 0.20059288537549408 0.0036458333333333334 0.00691699604743083
0 0.3458333333333333 0.17490118577075098 0.0036458333333333334 0.00691699604743083
1 0.08333333333333333 0.34980237154150196 0.00625 0.014822134387351778
3 0.5651041666666666 0.47134387351778656 0.022395833333333334 0.0800395256916996
0 0.6765625 0.17292490118577075 0.0026041666666666665 0.005928853754940711