3 0.2833333333333333 0.9229249011857708 0.027083333333333334 0.1541501976284585
3 0.4234375 0.6017786561264822 0.020833333333333332 0.09189723320158102
3 0.20520833333333333 0.49703557312252966 0.020833333333333332 0.06719367588932806
3 0.3359375 0.4426877470355731 0.013020833333333334 0.05731225296442688
3 0.36041666666666666 0.48616600790513836 0.01875 0.0691699604743083
3 0.4322916666666667 0.4851778656126482 0.016145833333333335 0.08201581027667984
3 0.4640625 0.4881422924901186 0.0171875 0.06521739130434782
3 0.5020833333333333 0.4733201581027668 0.0140625 0.06422924901185771
3 0.5755208333333334 0.49407114624505927 0.014583333333333334 0.07312252964426877
3 0.43802083333333336 0.3942687747035573 0.011979166666666667 0.05434782608695652
3 0.43802083333333336 0.35968379446640314 0.0140625 0.03359683794466403
3 0.6057291666666667 0.3547430830039526 0.009895833333333333 0.045454545454545456
3 0.4947916666666667 0.3073122529644269 0.009375 0.038537549407114624
4 0.14895833333333333 0.3231225296442688 0.008854166666666666 0.045454545454545456
4 0.0765625 0.46936758893280633 0.0296875 0.03458498023715415
4 0.019791666666666666 0.4881422924901186 0.019270833333333334 0.07015810276679842
4 0.06927083333333334 0.3952569169960474 0.014583333333333334 0.05731225296442688
4 0.6734375 0.31521739130434784 0.008333333333333333 0.038537549407114624
4 0.7291666666666666 0.37351778656126483 0.0109375 0.05533596837944664
4 0.815625 0.41205533596837945 0.011458333333333333 0.038537549407114624
4 0.8307291666666666 0.4515810276679842 0.010416666666666666 0.07213438735177866
4 0.8619791666666666 0.5237154150197628 0.019270833333333334 0.07905138339920949
4 0.8776041666666666 0.5365612648221344 0.0171875 0.08596837944664032
4 0.9390625 0.6175889328063241 0.020833333333333332 0.07707509881422925
1 0.1640625 0.43478260869565216 0.005729166666666666 0.01383399209486166
1 0.75 0.44466403162055335 0.005729166666666666 0.014822134387351778
0 0.6432291666666666 0.2994071146245059 0.004166666666666667 0.009881422924901186
0 0.6213541666666667 0.26877470355731226 0.0036458333333333334 0.009881422924901186
0 0.3416666666666667 0.2658102766798419 0.0036458333333333334 0.00691699604743083
0 0.31197916666666664 0.29545454545454547 0.0036458333333333334 0.008893280632411068