3 0.7411458333333333 0.5573122529644269 0.041666666666666664 0.1541501976284585
3 0.471875 0.391304347826087 0.027604166666666666 0.08399209486166008
3 0.5546875 0.3092885375494071 0.017708333333333333 0.0958498023715415
4 0.009895833333333333 0.325098814229249 0.019791666666666666 0.1007905138339921
4 0.7953125 0.25 0.013541666666666667 0.0691699604743083
4 0.146875 0.24110671936758893 0.019270833333333334 0.06719367588932806
4 0.078125 0.22134387351778656 0.011979166666666667 0.05731225296442688
3 0.5989583333333334 0.2865612648221344 0.015104166666666667 0.07114624505928854
2 0.5854166666666667 0.46936758893280633 0.015625 0.011857707509881422
3 0.47760416666666666 0.3073122529644269 0.016666666666666666 0.07707509881422925
3 0.41822916666666665 0.233201581027668 0.0125 0.06027667984189723
4 0.12395833333333334 0.2391304347826087 0.011458333333333333 0.06521739130434782
3 0.5046875 0.2766798418972332 0.014583333333333334 0.06620553359683795
3 0.44166666666666665 0.2974308300395257 0.018229166666666668 0.07312252964426877
4 0.9041666666666667 0.30237154150197626 0.014583333333333334 0.07905138339920949
3 0.45677083333333335 0.25296442687747034 0.013541666666666667 0.06225296442687747
4 0.178125 0.23616600790513834 0.021354166666666667 0.06324110671936758
3 0.51875 0.21541501976284586 0.011458333333333333 0.05138339920948617
3 0.48333333333333334 0.26679841897233203 0.013541666666666667 0.06324110671936758
3 0.5661458333333333 0.23616600790513834 0.013541666666666667 0.06324110671936758
4 0.8807291666666667 0.2964426877470356 0.014583333333333334 0.07213438735177866
3 0.5317708333333333 0.23616600790513834 0.013541666666666667 0.05632411067193676
4 0.884375 0.26778656126482214 0.015104166666666667 0.07905138339920949
0 0.6572916666666667 0.18280632411067194 0.003125 0.007905138339920948
1 0.17291666666666666 0.2727272727272727 0.0046875 0.012845849802371542
0 0.31354166666666666 0.1808300395256917 0.0036458333333333334 0.007905138339920948
0 0.340625 0.16205533596837945 0.0036458333333333334 0.00691699604743083
3 0.5630208333333333 0.22134387351778656 0.0109375 0.04743083003952569
1 0.7953125 0.27964426877470355 0.0046875 0.009881422924901186
0 0.6296875 0.16600790513833993 0.0026041666666666665 0.005928853754940711
4 0.13541666666666666 0.2490118577075099 0.015104166666666667 0.06719367588932806
4 0.8953125 0.32608695652173914 0.027083333333333334 0.03359683794466403