4 0.9010416666666666 0.2964426877470356 0.025520833333333333 0.116600790513834
4 0.9083333333333333 0.28063241106719367 0.019270833333333334 0.10968379446640317
4 0.6875 0.23715415019762845 0.019270833333333334 0.08596837944664032
4 0.6614583333333334 0.22727272727272727 0.0171875 0.07806324110671936
4 0.5942708333333333 0.2075098814229249 0.011458333333333333 0.0741106719367589
4 0.5807291666666666 0.20059288537549408 0.0125 0.07608695652173914
4 0.5572916666666666 0.20355731225296442 0.016145833333333335 0.06324110671936758
4 0.5296875 0.1907114624505929 0.011979166666666667 0.06620553359683795
4 0.5166666666666667 0.1976284584980237 0.015625 0.06818181818181818
4 0.4979166666666667 0.18774703557312253 0.013020833333333334 0.06818181818181818
4 0.46041666666666664 0.16996047430830039 0.009375 0.06422924901185771
0 0.8817708333333333 0.3468379446640316 0.007291666666666667 0.019762845849802372
3 0.8619791666666666 0.3241106719367589 0.030208333333333334 0.11956521739130435
3 0.7848958333333333 0.34782608695652173 0.026041666666666668 0.12351778656126482
3 0.6635416666666667 0.2964426877470356 0.021875 0.10276679841897234
3 0.6453125 0.2974308300395257 0.019791666666666666 0.09881422924901186
3 0.4625 0.2183794466403162 0.020833333333333332 0.06620553359683795
1 0.38697916666666665 0.18972332015810275 0.004166666666666667 0.011857707509881422
0 0.20885416666666667 0.13339920948616601 0.0036458333333333334 0.007905138339920948
0 0.16666666666666666 0.12055335968379446 0.0036458333333333334 0.00691699604743083
3 0.20572916666666666 0.16403162055335968 0.019791666666666666 0.06225296442687747
3 0.16822916666666668 0.18379446640316205 0.019791666666666666 0.06422924901185771
3 0.2833333333333333 0.22430830039525693 0.021875 0.08300395256916997
3 0.215625 0.26976284584980237 0.026041666666666668 0.1007905138339921
3 0.33958333333333335 0.26976284584980237 0.024479166666666666 0.1067193675889328
3 0.2989583333333333 0.525691699604743 0.05 0.18280632411067194
2 0.2296875 0.010869565217391304 0.0109375 0.008893280632411068