3 0.3729166666666667 0.45553359683794464 0.022395833333333334 0.09189723320158102
3 0.184375 0.5207509881422925 0.027083333333333334 0.11067193675889328
4 0.74375 0.817193675889328 0.04010416666666667 0.20355731225296442
3 0.10208333333333333 0.5701581027667985 0.027604166666666666 0.12351778656126482
4 0.815625 0.6907114624505929 0.034895833333333334 0.20059288537549408
3 0.12239583333333333 0.5355731225296443 0.030208333333333334 0.10375494071146245
3 0.5395833333333333 0.4041501976284585 0.018229166666666668 0.07015810276679842
3 0.43854166666666666 0.441699604743083 0.021354166666666667 0.07905138339920949
3 0.46041666666666664 0.4407114624505929 0.014583333333333334 0.07509881422924901
4 0.009375 0.391304347826087 0.0171875 0.07608695652173914
4 0.8375 0.6640316205533597 0.027604166666666666 0.1590909090909091
4 0.23020833333333332 0.35276679841897235 0.013020833333333334 0.06027667984189723
3 0.43020833333333336 0.3705533596837945 0.013020833333333334 0.06225296442687747
4 0.07083333333333333 0.39031620553359686 0.015104166666666667 0.06620553359683795
3 0.2557291666666667 0.39822134387351776 0.0125 0.07213438735177866
3 0.4625 0.3814229249011858 0.015104166666666667 0.07806324110671936
4 0.15260416666666668 0.37549407114624506 0.017708333333333333 0.07509881422924901
3 0.20833333333333334 0.37351778656126483 0.013541666666666667 0.06521739130434782
4 0.43854166666666666 0.31126482213438733 0.011979166666666667 0.05434782608695652
4 0.346875 0.3349802371541502 0.011458333333333333 0.05138339920948617
4 0.30625 0.3458498023715415 0.013020833333333334 0.05138339920948617
4 0.275 0.35276679841897235 0.015104166666666667 0.06521739130434782
0 0.6130208333333333 0.30632411067193677 0.003125 0.008893280632411068
3 0.7072916666666667 0.2974308300395257 0.013020833333333334 0.04841897233201581
3 0.7208333333333333 0.2964426877470356 0.013020833333333334 0.043478260869565216
0 0.46979166666666666 0.33893280632411066 0.0046875 0.010869565217391304
4 0.25729166666666664 0.3567193675889328 0.011979166666666667 0.06126482213438735