4 0.865625 0.24604743083003952 0.030208333333333334 0.1007905138339921
4 0.9223958333333333 0.2766798418972332 0.027604166666666666 0.11264822134387352
4 0.9927083333333333 0.2885375494071146 0.0140625 0.10770750988142293
4 0.9661458333333334 0.2855731225296443 0.020833333333333332 0.09387351778656126
4 0.9729166666666667 0.29446640316205536 0.020833333333333332 0.1007905138339921
1 0.7630208333333334 0.2450592885375494 0.005208333333333333 0.01383399209486166
0 0.5640625 0.1422924901185771 0.004166666666666667 0.007905138339920948
0 0.5270833333333333 0.12351778656126482 0.003125 0.00691699604743083
0 0.20104166666666667 0.13043478260869565 0.0026041666666666665 0.005928853754940711
0 0.17135416666666667 0.15316205533596838 0.0036458333333333334 0.00691699604743083
3 0.20625 0.21739130434782608 0.015104166666666667 0.0741106719367589
3 0.3338541666666667 0.1422924901185771 0.009375 0.04743083003952569
3 0.27760416666666665 0.1383399209486166 0.009895833333333333 0.04743083003952569
3 0.2765625 0.16996047430830039 0.0125 0.05533596837944664
3 0.35625 0.15118577075098813 0.011458333333333333 0.06126482213438735
3 0.36614583333333334 0.15316205533596838 0.010416666666666666 0.05138339920948617
3 0.48020833333333335 0.1432806324110672 0.009895833333333333 0.046442687747035576
3 0.4869791666666667 0.14723320158102768 0.009895833333333333 0.041501976284584984
3 0.44947916666666665 0.2964426877470356 0.028645833333333332 0.09881422924901186
3 0.5520833333333334 0.2134387351778656 0.01875 0.07114624505928854
3 0.5833333333333334 0.2183794466403162 0.0140625 0.07015810276679842
3 0.5864583333333333 0.2608695652173913 0.018229166666666668 0.08695652173913043
3 0.7072916666666667 0.2440711462450593 0.022395833333333334 0.09090909090909091