4 0.8552083333333333 0.7855731225296443 0.033854166666666664 0.18873517786561264
3 0.125 0.575098814229249 0.027604166666666666 0.12648221343873517
3 0.328125 0.4891304347826087 0.019270833333333334 0.09387351778656126
4 0.8875 0.6778656126482213 0.03697916666666667 0.18873517786561264
3 0.5635416666666667 0.4031620553359684 0.0203125 0.06719367588932806
3 0.16145833333333334 0.5444664031620553 0.033854166666666664 0.11067193675889328
4 0.06041666666666667 0.38735177865612647 0.018229166666666668 0.07312252964426877
3 0.4427083333333333 0.4535573122529644 0.0171875 0.08102766798418973
3 0.46979166666666666 0.44664031620553357 0.015625 0.07806324110671936
3 0.4114583333333333 0.3804347826086957 0.015625 0.06422924901185771
3 0.4859375 0.383399209486166 0.015625 0.06719367588932806
3 0.271875 0.4041501976284585 0.0171875 0.0741106719367589
4 0.20052083333333334 0.36561264822134387 0.014583333333333334 0.06620553359683795
4 0.8994791666666667 0.6363636363636364 0.028125 0.14723320158102768
3 0.140625 0.532608695652174 0.022395833333333334 0.10869565217391304
4 0.30625 0.34881422924901184 0.0125 0.06225296442687747
4 0.18854166666666666 0.3725296442687747 0.013020833333333334 0.07015810276679842
3 0.6916666666666667 0.30237154150197626 0.011979166666666667 0.044466403162055336
4 0.11979166666666667 0.391304347826087 0.016145833333333335 0.06126482213438735
3 0.014583333333333334 0.44762845849802374 0.019791666666666666 0.08893280632411067
4 0.2942708333333333 0.3557312252964427 0.011458333333333333 0.05928853754940711
4 0.3385416666666667 0.34288537549407117 0.013020833333333334 0.05138339920948617
4 0.37864583333333335 0.33695652173913043 0.0125 0.05434782608695652
3 0.7125 0.30138339920948615 0.010416666666666666 0.045454545454545456
4 0.25625 0.36462450592885376 0.011979166666666667 0.06422924901185771
4 0.465625 0.3092885375494071 0.009895833333333333 0.05138339920948617
0 0.6333333333333333 0.30632411067193677 0.0036458333333333334 0.007905138339920948
4 0.26666666666666666 0.3577075098814229 0.011979166666666667 0.06324110671936758
0 0.496875 0.3359683794466403 0.0036458333333333334 0.008893280632411068