3 0.325 0.6205533596837944 0.035416666666666666 0.13339920948616601
3 0.24114583333333334 0.6057312252964426 0.0375 0.12154150197628459
3 0.6083333333333333 0.5079051383399209 0.033854166666666664 0.09189723320158102
3 0.44166666666666665 0.4950592885375494 0.027083333333333334 0.0958498023715415
3 0.6635416666666667 0.47035573122529645 0.03229166666666667 0.09189723320158102
3 0.7473958333333334 0.5148221343873518 0.03125 0.09288537549407115
3 0.9854166666666667 0.44960474308300397 0.027083333333333334 0.08992094861660078
3 0.5072916666666667 0.49604743083003955 0.026041666666666668 0.09189723320158102
3 0.3875 0.4189723320158103 0.019270833333333334 0.08102766798418973
3 0.7322916666666667 0.4743083003952569 0.025520833333333333 0.08102766798418973
3 0.525 0.41205533596837945 0.0203125 0.0691699604743083
4 0.7052083333333333 0.358695652173913 0.014583333333333334 0.06620553359683795
3 0.4354166666666667 0.4160079051383399 0.020833333333333332 0.07905138339920949
3 0.5677083333333334 0.4199604743083004 0.0203125 0.07114624505928854
4 0.5875 0.3547430830039526 0.013020833333333334 0.06620553359683795
4 0.8020833333333334 0.35375494071146246 0.0140625 0.06324110671936758
4 0.8947916666666667 0.35079051383399207 0.014583333333333334 0.05632411067193676
4 0.6364583333333333 0.36561264822134387 0.0140625 0.0533596837944664
4 0.7651041666666667 0.3547430830039526 0.016666666666666666 0.06422924901185771
4 0.2916666666666667 0.383399209486166 0.011979166666666667 0.06620553359683795
4 0.8135416666666667 0.3557312252964427 0.013020833333333334 0.06027667984189723
4 0.32395833333333335 0.3804347826086957 0.013020833333333334 0.06620553359683795
4 0.865625 0.3567193675889328 0.020833333333333332 0.05138339920948617
4 0.3078125 0.37549407114624506 0.0125 0.06126482213438735
2 0.8260416666666667 0.22233201581027667 0.009375 0.007905138339920948