3 0.4359375 0.5632411067193676 0.07083333333333333 0.14723320158102768
3 0.1359375 0.40810276679841895 0.034375 0.11363636363636363
3 0.571875 0.3567193675889328 0.04114583333333333 0.07509881422924901
3 0.23385416666666667 0.4031620553359684 0.026041666666666668 0.12845849802371542
3 0.41822916666666665 0.49604743083003955 0.035416666666666666 0.13043478260869565
4 0.03854166666666667 0.29545454545454547 0.024479166666666666 0.08695652173913043
4 0.075 0.29150197628458496 0.0296875 0.08201581027667984
3 0.35572916666666665 0.2924901185770751 0.017708333333333333 0.06719367588932806
3 0.46875 0.33201581027667987 0.0171875 0.08399209486166008
3 0.434375 0.274703557312253 0.015104166666666667 0.06422924901185771
3 0.5395833333333333 0.3102766798418972 0.015625 0.08102766798418973
3 0.40989583333333335 0.21739130434782608 0.010416666666666666 0.0533596837944664
3 0.5197916666666667 0.3359683794466403 0.022395833333333334 0.0741106719367589
2 0.4479166666666667 0.5 0.015104166666666667 0.03260869565217391
3 0.45989583333333334 0.2964426877470356 0.016666666666666666 0.08893280632411067
4 0.9125 0.31719367588932806 0.019791666666666666 0.08695652173913043
1 0.06979166666666667 0.3448616600790514 0.00625 0.015810276679841896
3 0.40208333333333335 0.2075098814229249 0.009895833333333333 0.04743083003952569
0 0.28854166666666664 0.20059288537549408 0.0036458333333333334 0.007905138339920948
4 0.0036458333333333334 0.31225296442687744 0.007291666666666667 0.06719367588932806
0 0.6911458333333333 0.20454545454545456 0.0036458333333333334 0.008893280632411068
0 0.6541666666666667 0.17885375494071146 0.003125 0.00691699604743083
0 0.32395833333333335 0.17490118577075098 0.003125 0.00691699604743083
1 0.9119791666666667 0.3557312252964427 0.005729166666666666 0.014822134387351778
3 0.4666666666666667 0.31225296442687744 0.01875 0.08399209486166008