3 0.7171875 0.532608695652174 0.03958333333333333 0.1600790513833992
3 0.6229166666666667 0.44861660079051385 0.027083333333333334 0.12549407114624506
3 0.47604166666666664 0.44466403162055335 0.030208333333333334 0.1274703557312253
3 0.43385416666666665 0.383399209486166 0.026041666666666668 0.10770750988142293
3 0.3927083333333333 0.2924901185770751 0.028645833333333332 0.06818181818181818
4 0.11041666666666666 0.2608695652173913 0.017708333333333333 0.0741106719367589
3 0.5135416666666667 0.3102766798418972 0.019791666666666666 0.09288537549407115
3 0.565625 0.31126482213438733 0.016145833333333335 0.08201581027667984
3 0.5911458333333334 0.26679841897233203 0.013541666666666667 0.0691699604743083
4 0.1453125 0.25790513833992096 0.021354166666666667 0.06620553359683795
4 0.8322916666666667 0.2756916996047431 0.015104166666666667 0.07312252964426877
4 0.084375 0.2826086956521739 0.015104166666666667 0.07806324110671936
4 0.9677083333333333 0.3339920948616601 0.015625 0.0741106719367589
4 0.9385416666666667 0.3290513833992095 0.019270833333333334 0.07509881422924901
4 0.03333333333333333 0.24110671936758893 0.016666666666666666 0.06324110671936758
3 0.4822916666666667 0.2984189723320158 0.016145833333333335 0.0741106719367589
3 0.4895833333333333 0.2490118577075099 0.016666666666666666 0.06027667984189723
3 0.50625 0.2519762845849802 0.013020833333333334 0.06126482213438735
3 0.5421875 0.2717391304347826 0.016666666666666666 0.0691699604743083
3 0.4708333333333333 0.3142292490118577 0.0265625 0.08102766798418973
3 0.53125 0.2608695652173913 0.014583333333333334 0.07015810276679842
1 0.13645833333333332 0.30138339920948615 0.005729166666666666 0.01383399209486166
0 0.66875 0.1907114624505929 0.0036458333333333334 0.007905138339920948
0 0.303125 0.18873517786561264 0.0036458333333333334 0.007905138339920948
0 0.3333333333333333 0.16699604743083005 0.0036458333333333334 0.00691699604743083
0 0.6380208333333334 0.16897233201581027 0.0036458333333333334 0.007905138339920948
4 0.959375 0.3685770750988142 0.0234375 0.038537549407114624
4 0.9401041666666666 0.2974308300395257 0.020833333333333332 0.08201581027667984
1 0.8322916666666667 0.30632411067193677 0.0046875 0.011857707509881422
4 0.08020833333333334 0.25395256916996045 0.017708333333333333 0.05434782608695652