4 0.8213541666666667 0.2737154150197628 0.021354166666666667 0.10375494071146245
4 0.8244791666666667 0.2598814229249012 0.021354166666666667 0.09683794466403162
4 0.6317708333333333 0.22628458498023715 0.013541666666666667 0.08300395256916997
4 0.5947916666666667 0.21541501976284586 0.019791666666666666 0.06818181818181818
4 0.5364583333333334 0.20059288537549408 0.013020833333333334 0.0691699604743083
4 0.5229166666666667 0.19466403162055335 0.013541666666666667 0.07213438735177866
4 0.49635416666666665 0.19861660079051383 0.014583333333333334 0.06225296442687747
4 0.47291666666666665 0.1857707509881423 0.011458333333333333 0.06324110671936758
4 0.45989583333333334 0.191699604743083 0.015104166666666667 0.06422924901185771
4 0.43802083333333336 0.18478260869565216 0.017708333333333333 0.06818181818181818
4 0.4041666666666667 0.16798418972332016 0.009375 0.06422924901185771
3 0.6807291666666667 0.37351778656126483 0.040625 0.09881422924901186
3 0.6203125 0.41798418972332013 0.03958333333333333 0.1422924901185771
3 0.6541666666666667 0.4871541501976285 0.042708333333333334 0.191699604743083
2 0.6630208333333333 0.4041501976284585 0.017708333333333333 0.03359683794466403
0 0.8036458333333333 0.3201581027667984 0.0078125 0.016798418972332016
3 0.7744791666666667 0.3092885375494071 0.03697916666666667 0.11857707509881422
3 0.5765625 0.33201581027667987 0.028645833333333332 0.11857707509881422
3 0.39895833333333336 0.21739130434782608 0.015625 0.06719367588932806
3 0.3723958333333333 0.2391304347826087 0.020833333333333332 0.07806324110671936
3 0.3927083333333333 0.274703557312253 0.04479166666666667 0.08695652173913043
3 0.33229166666666665 0.18873517786561264 0.0046875 0.010869565217391304
3 0.25677083333333334 0.1857707509881423 0.019270833333333334 0.07015810276679842
3 0.12239583333333333 0.22035573122529645 0.013541666666666667 0.07806324110671936
3 0.13177083333333334 0.2776679841897233 0.023958333333333335 0.10177865612648221
0 0.1453125 0.13636363636363635 0.003125 0.007905138339920948
0 0.1 0.12450592885375494 0.003125 0.00691699604743083