4 0.020833333333333332 0.7549407114624506 0.04114583333333333 0.24110671936758893
3 0.7677083333333333 0.5148221343873518 0.034375 0.0958498023715415
3 0.5755208333333334 0.4772727272727273 0.03125 0.08794466403162056
3 0.4578125 0.41798418972332013 0.026041666666666668 0.06818181818181818
3 0.9333333333333333 0.44762845849802374 0.030729166666666665 0.08695652173913043
3 0.809375 0.532608695652174 0.0296875 0.10869565217391304
3 0.7046875 0.4090909090909091 0.023958333333333335 0.0691699604743083
3 0.5114583333333333 0.4614624505928854 0.021354166666666667 0.07806324110671936
3 0.6072916666666667 0.4061264822134387 0.015625 0.0691699604743083
3 0.8791666666666667 0.6126482213438735 0.03802083333333333 0.12351778656126482
3 0.5208333333333334 0.4031620553359684 0.0265625 0.07213438735177866
3 0.9015625 0.5978260869565217 0.03854166666666667 0.1324110671936759
4 0.8510416666666667 0.3774703557312253 0.015104166666666667 0.07114624505928854
4 0.6302083333333334 0.3468379446640316 0.011979166666666667 0.06225296442687747
4 0.6635416666666667 0.35276679841897235 0.014583333333333334 0.06225296442687747
3 0.284375 0.3231225296442688 0.013541666666666667 0.05138339920948617
4 0.4708333333333333 0.31126482213438733 0.0109375 0.05434782608695652
3 0.29635416666666664 0.32806324110671936 0.013541666666666667 0.04940711462450593
4 0.7307291666666667 0.36363636363636365 0.0125 0.06719367588932806
4 0.7229166666666667 0.3606719367588933 0.013020833333333334 0.06422924901185771
4 0.7963541666666667 0.3804347826086957 0.011458333333333333 0.058300395256917
2 0.29583333333333334 0.2816205533596838 0.007291666666666667 0.007905138339920948
4 0.5536458333333333 0.3310276679841897 0.0125 0.04940711462450593
4 0.5916666666666667 0.33893280632411066 0.015104166666666667 0.05039525691699605
1 0.9276041666666667 0.4397233201581028 0.0067708333333333336 0.012845849802371542
4 0.61875 0.34288537549407117 0.011979166666666667 0.05434782608695652
0 0.4395833333333333 0.33695652173913043 0.0046875 0.010869565217391304