0 0.7020833333333333 0.2885375494071146 0.004166666666666667 0.009881422924901186
3 0.3875 0.40217391304347827 0.01875 0.07806324110671936
3 0.48333333333333334 0.35968379446640314 0.019270833333333334 0.08399209486166008
3 0.5182291666666666 0.33893280632411066 0.015104166666666667 0.07312252964426877
3 0.5651041666666666 0.32806324110671936 0.019270833333333334 0.06422924901185771
3 0.48802083333333335 0.2885375494071146 0.017708333333333333 0.045454545454545456
3 0.46822916666666664 0.2865612648221344 0.015104166666666667 0.0533596837944664
2 0.47291666666666665 0.29051383399209485 0.0046875 0.01383399209486166
3 0.9682291666666667 0.5444664031620553 0.04010416666666667 0.11462450592885376
3 0.7885416666666667 0.4624505928853755 0.022395833333333334 0.09189723320158102
3 0.8166666666666667 0.3883399209486166 0.022395833333333334 0.07608695652173914
3 0.9286458333333333 0.3468379446640316 0.013020833333333334 0.06719367588932806
3 0.8989583333333333 0.3409090909090909 0.016666666666666666 0.06719367588932806
3 0.7276041666666667 0.3339920948616601 0.026041666666666668 0.06324110671936758
3 0.6916666666666667 0.29347826086956524 0.022916666666666665 0.045454545454545456
3 0.7088541666666667 0.2984189723320158 0.022916666666666665 0.0533596837944664
4 0.6015625 0.7460474308300395 0.04114583333333333 0.1482213438735178
4 0.3958333333333333 0.8330039525691699 0.05677083333333333 0.11363636363636363
4 0.25833333333333336 0.8804347826086957 0.042708333333333334 0.18379446640316205
4 0.1140625 0.8389328063241107 0.05 0.1442687747035573
4 0.06145833333333333 0.9258893280632411 0.09635416666666667 0.09782608695652174
4 0.017708333333333333 0.9169960474308301 0.035416666666666666 0.16600790513833993
4 0.2630208333333333 0.2737154150197628 0.011979166666666667 0.05928853754940711
4 0.36822916666666666 0.2756916996047431 0.0109375 0.05928853754940711
4 0.3807291666666667 0.2766798418972332 0.0109375 0.05434782608695652
4 0.40625 0.26679841897233203 0.011458333333333333 0.05237154150197629
4 0.425 0.2717391304347826 0.0109375 0.05138339920948617
4 0.4354166666666667 0.2658102766798419 0.010416666666666666 0.0533596837944664
4 0.5322916666666667 0.26679841897233203 0.0125 0.05632411067193676
4 0.5682291666666667 0.26976284584980237 0.011979166666666667 0.05731225296442688
4 0.6348958333333333 0.26383399209486164 0.008333333333333333 0.05138339920948617
4 0.6786458333333333 0.25592885375494073 0.0109375 0.05533596837944664
1 0.18333333333333332 0.3132411067193676 0.0046875 0.009881422924901186
0 0.9328125 0.28063241106719367 0.0046875 0.008893280632411068