3 0.803125 0.39822134387351776 0.034895833333333334 0.10968379446640317
3 0.8755208333333333 0.4189723320158103 0.04895833333333333 0.11857707509881422
3 0.525 0.39822134387351776 0.025520833333333333 0.12154150197628459
3 0.4375 0.26778656126482214 0.019270833333333334 0.08102766798418973
3 0.4734375 0.39723320158102765 0.020833333333333332 0.12450592885375494
4 0.015625 0.2964426877470356 0.027083333333333334 0.09288537549407115
4 0.0546875 0.29051383399209485 0.03125 0.08695652173913043
3 0.3723958333333333 0.2707509881422925 0.015625 0.07312252964426877
4 0.9380208333333333 0.31719367588932806 0.021875 0.09288537549407115
3 0.6166666666666667 0.2549407114624506 0.015104166666666667 0.06719367588932806
3 0.5359375 0.2845849802371542 0.01875 0.09387351778656126
3 0.5885416666666666 0.2826086956521739 0.016666666666666666 0.07905138339920949
3 0.5765625 0.21146245059288538 0.016666666666666666 0.0533596837944664
3 0.5713541666666667 0.26976284584980237 0.01875 0.0691699604743083
1 0.04583333333333333 0.34782608695652173 0.0067708333333333336 0.016798418972332016
3 0.546875 0.20355731225296442 0.013541666666666667 0.039525691699604744
3 0.6052083333333333 0.233201581027668 0.0140625 0.06225296442687747
3 0.5479166666666667 0.2598814229249012 0.0140625 0.07114624505928854
0 0.2838541666666667 0.19861660079051383 0.004166666666666667 0.008893280632411068
2 0.896875 0.40019762845849804 0.0109375 0.020750988142292492
0 0.696875 0.19861660079051383 0.0036458333333333334 0.008893280632411068
0 0.6583333333333333 0.17490118577075098 0.0036458333333333334 0.00691699604743083
0 0.32135416666666666 0.17292490118577075 0.003125 0.00691699604743083
1 0.9385416666666667 0.3567193675889328 0.00625 0.01383399209486166