3 0.09166666666666666 0.5968379446640316 0.03229166666666667 0.1373517786561265
3 0.8302083333333333 0.558300395256917 0.04010416666666667 0.11857707509881422
3 0.678125 0.44664031620553357 0.033854166666666664 0.08399209486166008
3 0.2869791666666667 0.5642292490118577 0.0375 0.1324110671936759
3 0.5260416666666666 0.4535573122529644 0.020833333333333332 0.0800395256916996
3 0.3296875 0.46047430830039526 0.027083333333333334 0.08102766798418973
3 0.5583333333333333 0.4654150197628458 0.018229166666666668 0.08201581027667984
4 0.8447916666666667 0.35079051383399207 0.0171875 0.06027667984189723
4 0.7260416666666667 0.3438735177865613 0.0109375 0.06027667984189723
3 0.6208333333333333 0.45553359683794464 0.022395833333333334 0.07806324110671936
4 0.9645833333333333 0.35968379446640314 0.016145833333333335 0.06027667984189723
3 0.640625 0.44466403162055335 0.020833333333333332 0.07213438735177866
3 0.38645833333333335 0.40711462450592883 0.022395833333333334 0.06324110671936758
3 0.60625 0.4308300395256917 0.019270833333333334 0.06818181818181818
4 0.7739583333333333 0.3557312252964427 0.015104166666666667 0.05237154150197629
3 0.8739583333333333 0.5612648221343873 0.044270833333333336 0.1274703557312253
3 0.3651041666666667 0.41205533596837945 0.022916666666666665 0.07114624505928854
4 0.9875 0.3547430830039526 0.016666666666666666 0.06324110671936758
4 0.44166666666666665 0.35079051383399207 0.0109375 0.0533596837944664
0 0.051041666666666666 0.37549407114624506 0.0046875 0.009881422924901186
3 0.29583333333333334 0.5306324110671937 0.0296875 0.10474308300395258
4 0.915625 0.3557312252964427 0.017708333333333333 0.06818181818181818
4 0.4640625 0.3458498023715415 0.010416666666666666 0.0533596837944664
4 0.975 0.3577075098814229 0.013020833333333334 0.06126482213438735
4 0.475 0.35375494071146246 0.011458333333333333 0.0533596837944664
1 0.6614583333333334 0.3814229249011858 0.0046875 0.009881422924901186