4 0.18541666666666667 0.7717391304347826 0.08125 0.29051383399209485
3 0.7895833333333333 0.41205533596837945 0.05677083333333333 0.12351778656126482
4 0.030729166666666665 0.7015810276679841 0.06145833333333333 0.2717391304347826
3 0.9140625 0.4150197628458498 0.04479166666666667 0.1383399209486166
3 0.85 0.44664031620553357 0.05364583333333333 0.13932806324110672
3 0.8614583333333333 0.3557312252964427 0.0484375 0.0958498023715415
4 0.9145833333333333 0.29347826086956524 0.021354166666666667 0.07213438735177866
3 0.06458333333333334 0.2885375494071146 0.015104166666666667 0.06027667984189723
3 0.09375 0.26976284584980237 0.0171875 0.05731225296442688
4 0.7791666666666667 0.2776679841897233 0.013541666666666667 0.07608695652173914
3 0.140625 0.2717391304347826 0.013020833333333334 0.04841897233201581
3 0.27708333333333335 0.2717391304347826 0.0125 0.044466403162055336
3 0.021875 0.27964426877470355 0.014583333333333334 0.05237154150197629
4 0.50625 0.2598814229249012 0.0109375 0.05039525691699605
4 0.5291666666666667 0.2628458498023715 0.010416666666666666 0.05632411067193676
3 0.22916666666666666 0.27964426877470355 0.021354166666666667 0.06126482213438735
1 0.6817708333333333 0.30632411067193677 0.005208333333333333 0.010869565217391304
4 0.8291666666666667 0.29446640316205536 0.022916666666666665 0.06126482213438735
3 0.23333333333333334 0.2598814229249012 0.014583333333333334 0.04841897233201581
4 0.5364583333333334 0.2608695652173913 0.011458333333333333 0.05434782608695652
4 0.6026041666666667 0.9357707509881423 0.08229166666666667 0.12549407114624506
0 0.159375 0.25 0.0036458333333333334 0.007905138339920948