3 0.7916666666666666 0.5513833992094862 0.0609375 0.1383399209486166
3 0.7098958333333333 0.44466403162055335 0.03958333333333333 0.12450592885375494
3 0.6302083333333334 0.4308300395256917 0.04114583333333333 0.11956521739130435
3 0.5208333333333334 0.35177865612648224 0.03697916666666667 0.09090909090909091
2 0.3255208333333333 0.35968379446640314 0.029166666666666667 0.023715415019762844
3 0.596875 0.4031620553359684 0.034895833333333334 0.1067193675889328
4 0.5135416666666667 0.2826086956521739 0.014583333333333334 0.0691699604743083
4 0.42083333333333334 0.2924901185770751 0.0171875 0.0691699604743083
4 0.453125 0.29150197628458496 0.015104166666666667 0.07015810276679842
4 0.35260416666666666 0.29446640316205536 0.016666666666666666 0.07114624505928854
3 0.6557291666666667 0.3725296442687747 0.035416666666666666 0.0958498023715415
4 0.10625 0.2994071146245059 0.01875 0.06818181818181818
4 0.3927083333333333 0.29347826086956524 0.014583333333333334 0.0691699604743083
4 0.027083333333333334 0.3092885375494071 0.0265625 0.06324110671936758
4 0.22604166666666667 0.29545454545454547 0.017708333333333333 0.06719367588932806
4 0.24270833333333333 0.2974308300395257 0.015625 0.06818181818181818
0 0.8385416666666666 0.31225296442687744 0.005729166666666666 0.010869565217391304
0 0.5354166666666667 0.3211462450592885 0.005729166666666666 0.011857707509881422
3 0.6463541666666667 0.3577075098814229 0.029166666666666667 0.08300395256916997