4 0.7192708333333333 0.8586956521739131 0.030208333333333334 0.14031620553359683
4 0.9708333333333333 0.9278656126482213 0.05625 0.1442687747035573
4 0.7229166666666667 0.30335968379446643 0.011979166666666667 0.05731225296442688
4 0.6416666666666667 0.31620553359683795 0.013020833333333334 0.05731225296442688
4 0.6197916666666666 0.31620553359683795 0.011458333333333333 0.05434782608695652
4 0.5895833333333333 0.30632411067193677 0.010416666666666666 0.05039525691699605
4 0.5630208333333333 0.308300395256917 0.011458333333333333 0.05039525691699605
4 0.575 0.3142292490118577 0.0125 0.04841897233201581
4 0.5317708333333333 0.3231225296442688 0.0203125 0.038537549407114624
4 0.46979166666666666 0.3201581027667984 0.015625 0.05533596837944664
4 0.3625 0.32707509881422925 0.010416666666666666 0.05731225296442688
4 0.31302083333333336 0.31620553359683795 0.011458333333333333 0.05731225296442688
4 0.29791666666666666 0.3191699604743083 0.014583333333333334 0.05533596837944664
1 0.8005208333333333 0.33794466403162055 0.005208333333333333 0.009881422924901186
3 0.721875 0.40810276679841895 0.016145833333333335 0.07114624505928854
2 0.7177083333333333 0.39723320158102765 0.0067708333333333336 0.008893280632411068
3 0.6859375 0.43280632411067194 0.040625 0.07509881422924901
3 0.6489583333333333 0.33794466403162055 0.021875 0.06027667984189723
3 0.5588541666666667 0.36561264822134387 0.01875 0.05434782608695652
3 0.5645833333333333 0.6047430830039525 0.053125 0.09683794466403162
3 0.42291666666666666 0.5681818181818182 0.0328125 0.08794466403162056
3 0.31666666666666665 0.4426877470355731 0.018229166666666668 0.07312252964426877
3 0.2765625 0.42391304347826086 0.015625 0.06620553359683795
3 0.24791666666666667 0.44664031620553357 0.020833333333333332 0.07114624505928854
3 0.20208333333333334 0.45948616600790515 0.015625 0.07015810276679842
3 0.13958333333333334 0.40810276679841895 0.0171875 0.06324110671936758
3 0.109375 0.4367588932806324 0.016145833333333335 0.07015810276679842
3 0.08072916666666667 0.4683794466403162 0.026041666666666668 0.0800395256916996
3 0.043229166666666666 0.4209486166007905 0.019270833333333334 0.06818181818181818
0 0.027083333333333334 0.36363636363636365 0.004166666666666667 0.007905138339920948
0 0.29583333333333334 0.35276679841897235 0.0046875 0.010869565217391304