3 0.5052083333333334 0.4980237154150198 0.025 0.0958498023715415
3 0.8958333333333334 0.475296442687747 0.025520833333333333 0.09288537549407115
3 0.6729166666666667 0.46936758893280633 0.022395833333333334 0.08498023715415019
3 0.8484375 0.5 0.027083333333333334 0.10276679841897234
3 0.471875 0.42391304347826086 0.03229166666666667 0.06521739130434782
4 0.9901041666666667 0.34980237154150196 0.017708333333333333 0.05731225296442688
3 0.9682291666666667 0.4150197628458498 0.021875 0.06620553359683795
3 0.9927083333333333 0.4209486166007905 0.013541666666666667 0.06027667984189723
3 0.7098958333333333 0.3942687747035573 0.015625 0.06818181818181818
4 0.9104166666666667 0.35375494071146246 0.015104166666666667 0.05237154150197629
3 0.765625 0.4061264822134387 0.016145833333333335 0.06818181818181818
4 0.8604166666666667 0.33794466403162055 0.013020833333333334 0.06422924901185771
3 0.6645833333333333 0.40810276679841895 0.0140625 0.06818181818181818
3 0.5057291666666667 0.36363636363636365 0.020833333333333332 0.06620553359683795
3 0.46041666666666664 0.41007905138339923 0.018229166666666668 0.07509881422924901
3 0.49270833333333336 0.358695652173913 0.017708333333333333 0.06027667984189723
3 0.7447916666666666 0.41304347826086957 0.019270833333333334 0.06818181818181818
4 0.5802083333333333 0.3300395256916996 0.0109375 0.0533596837944664
1 0.959375 0.817193675889328 0.011458333333333333 0.030632411067193676
0 0.2557291666666667 0.3359683794466403 0.004166666666666667 0.00691699604743083
1 0.7895833333333333 0.3715415019762846 0.0046875 0.009881422924901186
4 0.6125 0.3359683794466403 0.009375 0.05039525691699605
0 0.07291666666666667 0.3241106719367589 0.0036458333333333334 0.007905138339920948
2 0.4640625 0.40118577075098816 0.0067708333333333336 0.01383399209486166
4 0.6036458333333333 0.32806324110671936 0.009895833333333333 0.05138339920948617