3 0.196875 0.41304347826086957 0.036458333333333336 0.12154150197628459
4 0.9729166666666667 0.2984189723320158 0.03177083333333333 0.08596837944664032
3 0.5229166666666667 0.3814229249011858 0.0265625 0.11264822134387352
4 0.053125 0.32806324110671936 0.021875 0.09486166007905138
3 0.10989583333333333 0.44664031620553357 0.058333333333333334 0.116600790513834
3 0.5864583333333333 0.2618577075098814 0.0203125 0.07509881422924901
3 0.4666666666666667 0.3774703557312253 0.022395833333333334 0.10375494071146245
3 0.45 0.29051383399209485 0.025 0.0958498023715415
3 0.521875 0.2608695652173913 0.01875 0.08102766798418973
3 0.35 0.2727272727272727 0.024479166666666666 0.06818181818181818
3 0.4046875 0.21739130434782608 0.014583333333333334 0.05434782608695652
3 0.39166666666666666 0.21739130434782608 0.013541666666666667 0.04743083003952569
3 0.3625 0.22134387351778656 0.015104166666666667 0.05237154150197629
3 0.4046875 0.2766798418972332 0.022395833333333334 0.06620553359683795
3 0.3958333333333333 0.29051383399209485 0.0265625 0.07312252964426877
1 0.984375 0.3606719367588933 0.0067708333333333336 0.017786561264822136
3 0.371875 0.24308300395256918 0.016145833333333335 0.06422924901185771
4 0.9260416666666667 0.25 0.030729166666666665 0.017786561264822136
0 0.725 0.2015810276679842 0.004166666666666667 0.007905138339920948
0 0.6848958333333334 0.17391304347826086 0.003125 0.00691699604743083
0 0.303125 0.2025691699604743 0.0036458333333333334 0.007905138339920948
0 0.34270833333333334 0.17687747035573123 0.003125 0.00691699604743083
2 0.08645833333333333 0.42292490118577075 0.014583333333333334 0.010869565217391304
1 0.05260416666666667 0.3695652173913043 0.005729166666666666 0.01383399209486166