4 0.5395833333333333 0.8596837944664032 0.09791666666666667 0.27865612648221344
3 0.7354166666666667 0.40217391304347827 0.05364583333333333 0.11067193675889328
3 0.8645833333333334 0.46047430830039526 0.059895833333333336 0.1324110671936759
4 0.30364583333333334 0.7648221343873518 0.0625 0.25296442687747034
3 0.17083333333333334 0.2994071146245059 0.021875 0.06620553359683795
3 0.7729166666666667 0.34881422924901184 0.030729166666666665 0.09090909090909091
3 0.6927083333333334 0.383399209486166 0.0296875 0.10474308300395258
3 0.23385416666666667 0.27964426877470355 0.013541666666666667 0.05434782608695652
3 0.8458333333333333 0.391304347826087 0.030208333333333334 0.11561264822134387
4 0.8697916666666666 0.2885375494071146 0.015104166666666667 0.07905138339920949
3 0.37604166666666666 0.28063241106719367 0.013020833333333334 0.05138339920948617
3 0.3385416666666667 0.29347826086956524 0.015104166666666667 0.07114624505928854
4 0.925 0.30434782608695654 0.024479166666666666 0.06027667984189723
3 0.13333333333333333 0.274703557312253 0.019270833333333334 0.05138339920948617
4 0.6020833333333333 0.26877470355731226 0.0140625 0.05434782608695652
3 0.30833333333333335 0.26778656126482214 0.011979166666666667 0.05138339920948617
4 0.571875 0.26383399209486164 0.011979166666666667 0.04841897233201581
3 0.10885416666666667 0.2924901185770751 0.013541666666666667 0.05928853754940711
1 0.16145833333333334 0.6047430830039525 0.0109375 0.030632411067193676
0 0.20729166666666668 0.2509881422924901 0.003125 0.00691699604743083
0 0.3177083333333333 0.26383399209486164 0.003125 0.007905138339920948
2 0.1546875 0.22924901185770752 0.0078125 0.007905138339920948