3 0.9072916666666667 0.5721343873517787 0.0828125 0.17786561264822134
3 0.6953125 0.4407114624505929 0.06041666666666667 0.1274703557312253
3 0.7869791666666667 0.4535573122529644 0.06666666666666667 0.1383399209486166
3 0.6083333333333333 0.35079051383399207 0.0328125 0.0958498023715415
4 0.6697916666666667 0.2826086956521739 0.015625 0.07015810276679842
4 0.5723958333333333 0.2865612648221344 0.015625 0.07114624505928854
4 0.5447916666666667 0.29150197628458496 0.015104166666666667 0.06719367588932806
4 0.20833333333333334 0.29545454545454547 0.022395833333333334 0.05731225296442688
4 0.2765625 0.28952569169960474 0.014583333333333334 0.06719367588932806
4 0.6067708333333334 0.2865612648221344 0.015625 0.06521739130434782
4 0.3958333333333333 0.2865612648221344 0.013541666666666667 0.06521739130434782
4 0.16458333333333333 0.2865612648221344 0.01875 0.07015810276679842
3 0.7552083333333334 0.36561264822134387 0.027604166666666666 0.08300395256916997
4 0.5046875 0.28952569169960474 0.016666666666666666 0.07015810276679842
4 0.38333333333333336 0.2865612648221344 0.014583333333333334 0.06620553359683795
0 0.690625 0.3221343873517787 0.007291666666666667 0.012845849802371542
3 0.7671875 0.3794466403162055 0.03229166666666667 0.09288537549407115
3 0.6802083333333333 0.4041501976284585 0.0328125 0.10375494071146245
2 0.050520833333333334 0.18675889328063242 0.016666666666666666 0.011857707509881422