4 0.28072916666666664 0.8586956521739131 0.030208333333333334 0.14031620553359683
4 0.029166666666666667 0.9278656126482213 0.05625 0.1442687747035573
4 0.27708333333333335 0.30335968379446643 0.011979166666666667 0.05731225296442688
4 0.35833333333333334 0.31620553359683795 0.013020833333333334 0.05731225296442688
4 0.3802083333333333 0.31620553359683795 0.011458333333333333 0.05434782608695652
4 0.41041666666666665 0.30632411067193677 0.010416666666666666 0.05039525691699605
4 0.43697916666666664 0.308300395256917 0.011458333333333333 0.05039525691699605
4 0.425 0.3142292490118577 0.0125 0.04841897233201581
4 0.46822916666666664 0.3231225296442688 0.0203125 0.038537549407114624
4 0.5302083333333333 0.3201581027667984 0.015625 0.05533596837944664
4 0.6375 0.32707509881422925 0.010416666666666666 0.05731225296442688
4 0.6869791666666667 0.31620553359683795 0.011458333333333333 0.05731225296442688
4 0.7020833333333333 0.3191699604743083 0.014583333333333334 0.05533596837944664
1 0.19947916666666668 0.33794466403162055 0.005208333333333333 0.009881422924901186
3 0.278125 0.40810276679841895 0.016145833333333335 0.07114624505928854
2 0.28229166666666666 0.39723320158102765 0.0067708333333333336 0.008893280632411068
3 0.3140625 0.43280632411067194 0.040625 0.07509881422924901
3 0.35104166666666664 0.33794466403162055 0.021875 0.06027667984189723
3 0.44114583333333335 0.36561264822134387 0.01875 0.05434782608695652
3 0.4354166666666667 0.6047430830039525 0.053125 0.09683794466403162
3 0.5770833333333333 0.5681818181818182 0.0328125 0.08794466403162056
3 0.6833333333333333 0.4426877470355731 0.018229166666666668 0.07312252964426877
3 0.7234375 0.42391304347826086 0.015625 0.06620553359683795
3 0.7520833333333333 0.44664031620553357 0.020833333333333332 0.07114624505928854
3 0.7979166666666667 0.45948616600790515 0.015625 0.07015810276679842
3 0.8604166666666667 0.40810276679841895 0.0171875 0.06324110671936758
3 0.890625 0.4367588932806324 0.016145833333333335 0.07015810276679842
3 0.9192708333333334 0.4683794466403162 0.026041666666666668 0.0800395256916996
3 0.9567708333333333 0.4209486166007905 0.019270833333333334 0.06818181818181818
0 0.9729166666666667 0.36363636363636365 0.004166666666666667 0.007905138339920948
0 0.7041666666666667 0.35276679841897235 0.0046875 0.010869565217391304