3 0.93125 0.5592885375494071 0.0328125 0.11956521739130435
3 0.6067708333333334 0.4723320158102767 0.019791666666666666 0.08399209486166008
3 0.73125 0.4357707509881423 0.015104166666666667 0.08498023715415019
3 0.6744791666666666 0.4515810276679842 0.016666666666666666 0.08498023715415019
4 0.9901041666666667 0.4041501976284585 0.019791666666666666 0.07213438735177866
4 0.6375 0.3290513833992095 0.011979166666666667 0.06027667984189723
4 0.778125 0.3695652173913043 0.0125 0.06324110671936758
4 0.846875 0.3804347826086957 0.015104166666666667 0.06521739130434782
3 0.6114583333333333 0.40118577075098816 0.018229166666666668 0.07114624505928854
3 0.871875 0.43478260869565216 0.016145833333333335 0.08399209486166008
4 0.8052083333333333 0.3794466403162055 0.0140625 0.06324110671936758
3 0.3494791666666667 0.3211462450592885 0.011458333333333333 0.0533596837944664
3 0.33229166666666665 0.3201581027667984 0.011979166666666667 0.05731225296442688
3 0.6307291666666667 0.4634387351778656 0.016666666666666666 0.08695652173913043
4 0.8979166666666667 0.3824110671936759 0.0140625 0.06620553359683795
4 0.2989583333333333 0.8913043478260869 0.03802083333333333 0.2134387351778656
3 0.6447916666666667 0.4575098814229249 0.018229166666666668 0.08300395256916997
3 0.8864583333333333 0.4051383399209486 0.017708333333333333 0.07114624505928854
4 0.8260416666666667 0.37450592885375494 0.013020833333333334 0.06521739130434782
0 0.6036458333333333 0.358695652173913 0.004166666666666667 0.009881422924901186
0 0.43333333333333335 0.3201581027667984 0.0036458333333333334 0.008893280632411068
3 0.996875 0.4624505928853755 0.005729166666666666 0.07312252964426877
4 0.3625 0.9357707509881423 0.03854166666666667 0.12549407114624506
2 0.34739583333333335 0.3211462450592885 0.005208333333333333 0.010869565217391304