4 0.484375 0.20355731225296442 0.016666666666666666 0.07905138339920949
4 0.4921875 0.2124505928853755 0.015625 0.0800395256916996
4 0.3151041666666667 0.208498023715415 0.014583333333333334 0.07905138339920949
4 0.2546875 0.21146245059288538 0.018229166666666668 0.07509881422924901
4 0.1515625 0.2134387351778656 0.019791666666666666 0.05533596837944664
4 0.13072916666666667 0.20652173913043478 0.020833333333333332 0.06422924901185771
4 0.11614583333333334 0.20059288537549408 0.015104166666666667 0.0691699604743083
4 0.0859375 0.20553359683794467 0.016145833333333335 0.07114624505928854
4 0.0625 0.20454545454545456 0.016145833333333335 0.07509881422924901
0 0.8880208333333334 0.2648221343873518 0.0067708333333333336 0.015810276679841896
0 0.4901041666666667 0.2519762845849802 0.0067708333333333336 0.012845849802371542
3 0.528125 0.23616600790513834 0.017708333333333333 0.09288537549407115
3 0.4713541666666667 0.33992094861660077 0.027083333333333334 0.12351778656126482
2 0.45729166666666665 0.3438735177865613 0.011979166666666667 0.024703557312252964
3 0.3619791666666667 0.34782608695652173 0.028645833333333332 0.1324110671936759
3 0.3359375 0.25889328063241107 0.021875 0.09387351778656126
3 0.27447916666666666 0.33300395256917 0.023958333333333335 0.12351778656126482
3 0.1796875 0.23023715415019763 0.022916666666666665 0.07905138339920949
3 0.0046875 0.30237154150197626 0.008854166666666666 0.1067193675889328
3 0.021875 0.6205533596837944 0.04375 0.23122529644268774