3 0.8848958333333333 0.43873517786561267 0.03333333333333333 0.12450592885375494
3 0.8354166666666667 0.42193675889328064 0.041666666666666664 0.11067193675889328
3 0.5364583333333334 0.525691699604743 0.044270833333333336 0.13932806324110672
3 0.5770833333333333 0.34189723320158105 0.0203125 0.09387351778656126
3 0.5052083333333334 0.441699604743083 0.0265625 0.10375494071146245
4 0.9604166666666667 0.2974308300395257 0.024479166666666666 0.08695652173913043
4 0.9229166666666667 0.29347826086956524 0.027083333333333334 0.08102766798418973
4 0.9947916666666666 0.30434782608695654 0.009895833333333333 0.08695652173913043
3 0.6338541666666667 0.2865612648221344 0.015625 0.07213438735177866
2 0.6296875 0.4673913043478261 0.016666666666666666 0.012845849802371542
3 0.4734375 0.3438735177865613 0.017708333333333333 0.07312252964426877
3 0.621875 0.22035573122529645 0.0109375 0.05434782608695652
3 0.6 0.22826086956521738 0.0109375 0.05533596837944664
3 0.5270833333333333 0.33695652173913043 0.019270833333333334 0.08399209486166008
3 0.5416666666666666 0.31126482213438733 0.019791666666666666 0.09387351778656126
3 0.5588541666666667 0.33794466403162055 0.020833333333333332 0.09387351778656126
3 0.471875 0.3092885375494071 0.015104166666666667 0.07509881422924901
3 0.5270833333333333 0.26778656126482214 0.011458333333333333 0.05928853754940711
1 0.9291666666666667 0.3468379446640316 0.0067708333333333336 0.016798418972332016
4 0.090625 0.3191699604743083 0.0171875 0.08695652173913043
0 0.7114583333333333 0.20059288537549408 0.0036458333333333334 0.008893280632411068
4 0.89375 0.24802371541501977 0.027083333333333334 0.019762845849802372
0 0.3098958333333333 0.20454545454545456 0.0036458333333333334 0.008893280632411068
0 0.6760416666666667 0.17490118577075098 0.003125 0.00691699604743083
1 0.09010416666666667 0.3567193675889328 0.005729166666666666 0.014822134387351778
0 0.346875 0.17885375494071146 0.0026041666666666665 0.00691699604743083