3 0.53125 0.40810276679841895 0.036458333333333336 0.10276679841897234
3 0.5916666666666667 0.41798418972332013 0.034895833333333334 0.11166007905138339
3 0.7291666666666666 0.49407114624505927 0.03333333333333333 0.13932806324110672
3 0.40208333333333335 0.3547430830039526 0.030729166666666665 0.07509881422924901
3 0.47708333333333336 0.3952569169960474 0.03333333333333333 0.10573122529644269
4 0.10677083333333333 0.3142292490118577 0.01875 0.0800395256916996
4 0.1328125 0.308300395256917 0.01875 0.0800395256916996
4 0.2421875 0.29545454545454547 0.017708333333333333 0.07509881422924901
4 0.17604166666666668 0.308300395256917 0.0171875 0.07905138339920949
4 0.051041666666666666 0.3181818181818182 0.020833333333333332 0.0800395256916996
3 0.4947916666666667 0.366600790513834 0.025 0.08794466403162056
0 0.8744791666666667 0.9930830039525692 0.011458333333333333 0.012845849802371542
0 0.265625 0.3339920948616601 0.005208333333333333 0.012845849802371542
0 0.5541666666666667 0.3073122529644269 0.004166666666666667 0.009881422924901186
2 0.7380208333333333 0.49407114624505927 0.014583333333333334 0.016798418972332016
3 0.4671875 0.358695652173913 0.023958333333333335 0.08498023715415019