3 0.036458333333333336 0.591897233201581 0.06302083333333333 0.1590909090909091
3 0.17395833333333333 0.30533596837944665 0.028125 0.08695652173913043
3 0.2515625 0.3241106719367589 0.025 0.10474308300395258
3 0.28020833333333334 0.36561264822134387 0.035416666666666666 0.10968379446640317
3 0.46197916666666666 0.4189723320158103 0.028645833333333332 0.1007905138339921
3 0.5614583333333333 0.3685770750988142 0.030208333333333334 0.11561264822134387
3 0.8635416666666667 0.383399209486166 0.0328125 0.12845849802371542
3 0.7046875 0.2816205533596838 0.019270833333333334 0.08201581027667984
3 0.7005208333333334 0.24308300395256918 0.018229166666666668 0.06719367588932806
3 0.4947916666666667 0.1976284584980237 0.0140625 0.06324110671936758
3 0.3697916666666667 0.31225296442687744 0.016666666666666666 0.09683794466403162
3 0.35052083333333334 0.2381422924901186 0.013541666666666667 0.05533596837944664
3 0.3453125 0.29150197628458496 0.019791666666666666 0.10276679841897234
3 0.3098958333333333 0.2608695652173913 0.016666666666666666 0.07608695652173914
0 0.2520833333333333 0.23023715415019763 0.004166666666666667 0.010869565217391304
0 0.321875 0.1808300395256917 0.0036458333333333334 0.008893280632411068
0 0.8557291666666667 0.2391304347826087 0.0046875 0.011857707509881422
0 0.7744791666666667 0.18675889328063242 0.0036458333333333334 0.00691699604743083