3 0.5963541666666666 0.31126482213438733 0.021875 0.11758893280632411
3 0.7953125 0.5237154150197628 0.04895833333333333 0.1650197628458498
3 0.4239583333333333 0.391304347826087 0.0265625 0.1274703557312253
3 0.6739583333333333 0.30335968379446643 0.0203125 0.09090909090909091
3 0.5046875 0.29545454545454547 0.017708333333333333 0.08201581027667984
4 0.11458333333333333 0.2124505928853755 0.021354166666666667 0.06620553359683795
4 0.007291666666666667 0.2845849802371542 0.0140625 0.09881422924901186
3 0.4635416666666667 0.31719367588932806 0.022395833333333334 0.09782608695652174
4 0.040625 0.22529644268774704 0.022916666666666665 0.06719367588932806
4 0.7958333333333333 0.22233201581027667 0.0140625 0.07015810276679842
4 0.07447916666666667 0.1956521739130435 0.013541666666666667 0.06027667984189723
4 0.17604166666666668 0.20948616600790515 0.018229166666666668 0.06422924901185771
3 0.5510416666666667 0.191699604743083 0.0125 0.06225296442687747
4 0.8817708333333333 0.2648221343873518 0.016666666666666666 0.07806324110671936
3 0.44375 0.1956521739130435 0.011979166666666667 0.05138339920948617
3 0.42239583333333336 0.1808300395256917 0.011458333333333333 0.05138339920948617
3 0.45260416666666664 0.2766798418972332 0.01875 0.08893280632411067
4 0.9067708333333333 0.26877470355731226 0.0125 0.07905138339920949
3 0.5119791666666667 0.21047430830039526 0.0125 0.058300395256917
4 0.14895833333333333 0.2134387351778656 0.015104166666666667 0.06719367588932806
4 0.13697916666666668 0.21442687747035574 0.013541666666666667 0.06620553359683795
1 0.1703125 0.2440711462450593 0.005208333333333333 0.011857707509881422
4 0.8885416666666667 0.2341897233201581 0.016145833333333335 0.07707509881422925
3 0.50625 0.18181818181818182 0.010416666666666666 0.042490118577075096
0 0.31302083333333336 0.16403162055335968 0.003125 0.007905138339920948
0 0.6567708333333333 0.16699604743083005 0.0036458333333333334 0.007905138339920948
3 0.5244791666666667 0.17391304347826086 0.009375 0.039525691699604744
2 0.5729166666666666 0.2015810276679842 0.013541666666666667 0.012845849802371542
3 0.5395833333333333 0.18379446640316205 0.008854166666666666 0.04743083003952569
4 0.8979166666666667 0.2875494071146245 0.025 0.038537549407114624