3 0.509375 0.5128458498023716 0.03177083333333333 0.12549407114624506
3 0.11822916666666666 0.441699604743083 0.03333333333333333 0.12450592885375494
3 0.14322916666666666 0.41798418972332013 0.035416666666666666 0.11758893280632411
3 0.5354166666666667 0.4308300395256917 0.026041666666666668 0.10276679841897234
4 0.07708333333333334 0.29347826086956524 0.027083333333333334 0.08102766798418973
4 0.005208333333333333 0.30434782608695654 0.010416666666666666 0.08695652173913043
4 0.03958333333333333 0.2974308300395257 0.024479166666666666 0.08695652173913043
3 0.40729166666666666 0.34288537549407117 0.017708333333333333 0.09486166007905138
3 0.42604166666666665 0.34189723320158105 0.019270833333333334 0.09683794466403162
2 0.225 0.44960474308300397 0.016145833333333335 0.01383399209486166
3 0.38958333333333334 0.2826086956521739 0.0171875 0.0691699604743083
3 0.39791666666666664 0.23517786561264822 0.011458333333333333 0.05434782608695652
3 0.375 0.22430830039525693 0.0109375 0.05138339920948617
3 0.4875 0.2658102766798419 0.0140625 0.06027667984189723
3 0.46458333333333335 0.3409090909090909 0.017708333333333333 0.09387351778656126
3 0.521875 0.34881422924901184 0.025520833333333333 0.07905138339920949
3 0.4583333333333333 0.3092885375494071 0.01875 0.09090909090909091
1 0.06979166666666667 0.3468379446640316 0.0067708333333333336 0.016798418972332016
3 0.5239583333333333 0.3132411067193676 0.016666666666666666 0.07806324110671936
4 0.9104166666666667 0.3191699604743083 0.018229166666666668 0.08695652173913043
4 0.10625 0.24802371541501977 0.027604166666666666 0.019762845849802372
0 0.28854166666666664 0.20059288537549408 0.0036458333333333334 0.008893280632411068
0 0.6901041666666666 0.20355731225296442 0.0036458333333333334 0.008893280632411068
0 0.32395833333333335 0.17490118577075098 0.003125 0.00691699604743083
1 0.909375 0.3567193675889328 0.005729166666666666 0.012845849802371542
0 0.653125 0.17885375494071146 0.003125 0.005928853754940711