4 0.08177083333333333 0.6877470355731226 0.05416666666666667 0.16304347826086957
3 0.5697916666666667 0.4614624505928854 0.020833333333333332 0.08498023715415019
4 0.11458333333333333 0.7747035573122529 0.036458333333333336 0.191699604743083
3 0.7135416666666666 0.5029644268774703 0.021875 0.09782608695652174
3 0.5291666666666667 0.4525691699604743 0.017708333333333333 0.07707509881422925
3 0.9828125 0.4505928853754941 0.028125 0.08893280632411067
3 0.4479166666666667 0.40711462450592883 0.016145833333333335 0.0741106719367589
4 0.9260416666666667 0.38636363636363635 0.0171875 0.07213438735177866
3 0.8854166666666666 0.5849802371541502 0.028645833333333332 0.1225296442687747
3 0.6010416666666667 0.3932806324110672 0.0140625 0.06422924901185771
3 0.5229166666666667 0.3883399209486166 0.014583333333333334 0.07015810276679842
3 0.8572916666666667 0.5345849802371542 0.0265625 0.10573122529644269
4 0.8677083333333333 0.3883399209486166 0.015625 0.05928853754940711
3 0.7265625 0.40810276679841895 0.01875 0.06719367588932806
3 0.865625 0.567193675889328 0.0296875 0.116600790513834
4 0.6510416666666666 0.3409090909090909 0.013541666666666667 0.05138339920948617
4 0.7994791666666666 0.3705533596837945 0.013541666666666667 0.0691699604743083
4 0.6114583333333333 0.3339920948616601 0.010416666666666666 0.0533596837944664
4 0.7890625 0.3675889328063241 0.014583333333333334 0.06719367588932806
3 0.2953125 0.30335968379446643 0.011458333333333333 0.05039525691699605
3 0.3125 0.30533596837944665 0.009895833333333333 0.046442687747035576
4 0.6927083333333334 0.35177865612648224 0.011979166666666667 0.06324110671936758
0 0.36041666666666666 0.30632411067193677 0.0036458333333333334 0.007905138339920948
4 0.5255208333333333 0.31126482213438733 0.011458333333333333 0.05138339920948617
4 0.73125 0.3557312252964427 0.013020833333333334 0.058300395256917
4 0.6854166666666667 0.3468379446640316 0.011979166666666667 0.06027667984189723
4 0.7208333333333333 0.35079051383399207 0.011979166666666667 0.0533596837944664
4 0.07760416666666667 0.6363636363636364 0.024479166666666666 0.1373517786561265
0 0.4953125 0.3359683794466403 0.0026041666666666665 0.008893280632411068