4 0.5708333333333333 0.2974308300395257 0.013541666666666667 0.05434782608695652
4 0.5057291666666667 0.3201581027667984 0.0125 0.058300395256917
4 0.48333333333333334 0.3231225296442688 0.011979166666666667 0.0533596837944664
4 0.4453125 0.3290513833992095 0.009375 0.05138339920948617
4 0.42916666666666664 0.3241106719367589 0.011979166666666667 0.05731225296442688
4 0.4479166666666667 0.3191699604743083 0.009895833333333333 0.05731225296442688
4 0.3963541666666667 0.3438735177865613 0.022916666666666665 0.041501976284584984
4 0.36822916666666666 0.33794466403162055 0.014583333333333334 0.05138339920948617
4 0.2109375 0.3685770750988142 0.01875 0.06422924901185771
4 0.1421875 0.3695652173913043 0.016145833333333335 0.06620553359683795
4 0.10520833333333333 0.39031620553359686 0.022395833333333334 0.039525691699604744
2 0.4822916666666667 0.3725296442687747 0.011458333333333333 0.007905138339920948
3 0.3640625 0.3606719367588933 0.025520833333333333 0.0533596837944664
3 0.3671875 0.3725296442687747 0.024479166666666666 0.058300395256917
3 0.42135416666666664 0.42292490118577075 0.028125 0.07114624505928854
3 0.58125 0.4199604743083004 0.025520833333333333 0.06324110671936758
4 0.8947916666666667 0.8438735177865613 0.029166666666666667 0.1422924901185771
0 0.13229166666666667 0.41798418972332013 0.00625 0.01383399209486166
3 0.09791666666666667 0.4407114624505929 0.0328125 0.06027667984189723
3 0.13958333333333334 0.44861660079051385 0.026041666666666668 0.06324110671936758
3 0.08177083333333333 0.5237154150197628 0.019791666666666666 0.08102766798418973
3 0.11197916666666667 0.5602766798418972 0.0203125 0.09980237154150198
3 0.050520833333333334 0.5592885375494071 0.027083333333333334 0.09189723320158102
3 0.12395833333333334 0.5968379446640316 0.027083333333333334 0.09980237154150198
1 0.6453125 0.3221343873517787 0.004166666666666667 0.010869565217391304
0 0.9859375 0.25889328063241107 0.0036458333333333334 0.008893280632411068