3 0.696875 0.5079051383399209 0.04375 0.15217391304347827
3 0.6088541666666667 0.42391304347826086 0.03854166666666667 0.11363636363636363
3 0.41770833333333335 0.35276679841897235 0.036458333333333336 0.08596837944664032
3 0.5427083333333333 0.41205533596837945 0.0328125 0.10968379446640317
4 0.17291666666666666 0.308300395256917 0.015625 0.0741106719367589
4 0.23958333333333334 0.30237154150197626 0.016145833333333335 0.0741106719367589
4 0.303125 0.29150197628458496 0.0171875 0.07312252964426877
3 0.5026041666666666 0.4041501976284585 0.036458333333333336 0.10573122529644269
4 0.19895833333333332 0.30632411067193677 0.016145833333333335 0.07213438735177866
2 0.6947916666666667 0.5118577075098815 0.015104166666666667 0.024703557312252964
4 0.007291666666666667 0.3181818181818182 0.014583333333333334 0.07509881422924901
0 0.325 0.3300395256916996 0.005208333333333333 0.011857707509881422
4 0.121875 0.31126482213438733 0.0203125 0.07509881422924901
0 0.6125 0.30632411067193677 0.0046875 0.009881422924901186
3 0.5208333333333334 0.3675889328063241 0.0234375 0.09189723320158102
3 0.5078125 0.3675889328063241 0.03125 0.09189723320158102