3 0.23854166666666668 0.46047430830039526 0.04635416666666667 0.14624505928853754
3 0.5166666666666667 0.424901185770751 0.027083333333333334 0.13438735177865613
3 0.43020833333333336 0.38438735177865613 0.024479166666666666 0.11264822134387352
4 0.017708333333333333 0.3695652173913043 0.026041666666666668 0.11067193675889328
3 0.2916666666666667 0.3073122529644269 0.019791666666666666 0.09189723320158102
3 0.44895833333333335 0.3102766798418972 0.020833333333333332 0.09980237154150198
3 0.22239583333333332 0.3201581027667984 0.019791666666666666 0.08992094861660078
3 0.5208333333333334 0.24604743083003952 0.013020833333333334 0.06422924901185771
3 0.3458333333333333 0.3132411067193676 0.021875 0.08498023715415019
3 0.06614583333333333 0.5464426877470355 0.04375 0.14723320158102768
3 0.46979166666666666 0.24802371541501977 0.015104166666666667 0.07312252964426877
3 0.40625 0.21640316205533597 0.0140625 0.06324110671936758
3 0.3541666666666667 0.2549407114624506 0.016666666666666666 0.0691699604743083
3 0.44479166666666664 0.19861660079051383 0.011458333333333333 0.05138339920948617
3 0.328125 0.2598814229249012 0.0125 0.0691699604743083
0 0.75625 0.21146245059288538 0.0036458333333333334 0.008893280632411068
0 0.7083333333333334 0.17984189723320157 0.0036458333333333334 0.007905138339920948
0 0.3046875 0.2124505928853755 0.0036458333333333334 0.008893280632411068
0 0.3458333333333333 0.18280632411067194 0.0036458333333333334 0.007905138339920948
1 0.017708333333333333 0.4209486166007905 0.0078125 0.018774703557312252