3 0.5390625 0.46047430830039526 0.019791666666666666 0.0741106719367589
3 0.6526041666666667 0.4950592885375494 0.019791666666666666 0.09387351778656126
3 0.7958333333333333 0.43280632411067194 0.022916666666666665 0.06521739130434782
3 0.7958333333333333 0.4199604743083004 0.023958333333333335 0.05533596837944664
3 0.9911458333333333 0.6739130434782609 0.017708333333333333 0.0958498023715415
4 0.020833333333333332 0.7529644268774703 0.030208333333333334 0.1274703557312253
4 0.590625 0.3092885375494071 0.008854166666666666 0.058300395256917
4 0.6484375 0.34288537549407117 0.013541666666666667 0.06126482213438735
4 0.6713541666666667 0.34881422924901184 0.013541666666666667 0.05731225296442688
4 0.6895833333333333 0.36264822134387353 0.016666666666666666 0.06126482213438735
4 0.7041666666666667 0.36264822134387353 0.013020833333333334 0.05434782608695652
4 0.7213541666666666 0.3616600790513834 0.0125 0.06620553359683795
4 0.7125 0.34881422924901184 0.010416666666666666 0.05731225296442688
4 0.7604166666666666 0.3883399209486166 0.028645833333333332 0.045454545454545456
4 0.9109375 0.441699604743083 0.0265625 0.0741106719367589
0 0.2078125 0.20454545454545456 0.0026041666666666665 0.005928853754940711
0 0.2708333333333333 0.22924901185770752 0.0026041666666666665 0.007905138339920948
1 0.5171875 0.3241106719367589 0.0046875 0.010869565217391304