3 0.30416666666666664 0.4792490118577075 0.0265625 0.13339920948616601
3 0.5260416666666666 0.4278656126482213 0.03333333333333333 0.10573122529644269
3 0.4041666666666667 0.40118577075098816 0.0203125 0.10968379446640317
3 0.56875 0.3349802371541502 0.0171875 0.0958498023715415
4 0.8739583333333333 0.2549407114624506 0.0171875 0.07213438735177866
4 0.9515625 0.2341897233201581 0.016666666666666666 0.06225296442687747
3 0.5802083333333333 0.26976284584980237 0.015104166666666667 0.07608695652173914
4 0.18125 0.2658102766798419 0.015104166666666667 0.07114624505928854
3 0.4796875 0.2974308300395257 0.013541666666666667 0.08794466403162056
4 0.08333333333333333 0.3211462450592885 0.018229166666666668 0.08596837944664032
3 0.5354166666666667 0.2994071146245059 0.015625 0.0800395256916996
3 0.44427083333333334 0.2964426877470356 0.015625 0.07905138339920949
3 0.4125 0.25592885375494073 0.013541666666666667 0.06324110671936758
3 0.5166666666666667 0.28952569169960474 0.015104166666666667 0.07905138339920949
4 0.05677083333333333 0.3191699604743083 0.015104166666666667 0.07312252964426877
3 0.49270833333333336 0.24604743083003952 0.0125 0.06521739130434782
4 0.8427083333333333 0.2490118577075099 0.021875 0.06521739130434782
3 0.5125 0.24802371541501977 0.013020833333333334 0.06324110671936758
4 0.9041666666666667 0.25592885375494073 0.018229166666666668 0.07114624505928854
3 0.4583333333333333 0.26679841897233203 0.0140625 0.06620553359683795
4 0.08020833333333334 0.2885375494071146 0.014583333333333334 0.08992094861660078
3 0.453125 0.24209486166007904 0.013020833333333334 0.05928853754940711
0 0.6927083333333334 0.1857707509881423 0.0036458333333333334 0.007905138339920948
0 0.33541666666666664 0.18873517786561264 0.003125 0.00691699604743083
0 0.6645833333333333 0.1650197628458498 0.003125 0.00691699604743083
1 0.85 0.2924901185770751 0.00625 0.01383399209486166
4 0.06510416666666667 0.35079051383399207 0.027604166666666666 0.038537549407114624
0 0.365625 0.16798418972332016 0.0026041666666666665 0.00691699604743083
4 0.896875 0.2727272727272727 0.015104166666666667 0.07312252964426877