3 0.17708333333333334 0.6047430830039525 0.0296875 0.13142292490118576
3 0.03333333333333333 0.4723320158102767 0.0265625 0.09486166007905138
3 0.1421875 0.5988142292490118 0.03229166666666667 0.12549407114624506
3 0.546875 0.4743083003952569 0.020833333333333332 0.08102766798418973
3 0.4322916666666667 0.40810276679841895 0.027604166666666666 0.06620553359683795
3 0.4635416666666667 0.4841897233201581 0.022395833333333334 0.08596837944664032
4 0.24375 0.3685770750988142 0.013020833333333334 0.06818181818181818
3 0.584375 0.4308300395256917 0.018229166666666668 0.07213438735177866
3 0.525 0.4160079051383399 0.021354166666666667 0.08102766798418973
3 0.14947916666666666 0.4367588932806324 0.027083333333333334 0.08300395256916997
3 0.26666666666666666 0.5276679841897233 0.030208333333333334 0.08893280632411067
3 0.7755208333333333 0.33893280632411066 0.016666666666666666 0.05533596837944664
3 0.3489583333333333 0.4090909090909091 0.014583333333333334 0.07213438735177866
3 0.7614583333333333 0.3448616600790514 0.0171875 0.05237154150197629
4 0.42239583333333336 0.3438735177865613 0.015625 0.05928853754940711
4 0.29635416666666664 0.37351778656126483 0.013541666666666667 0.05731225296442688
4 0.5291666666666667 0.33201581027667987 0.011979166666666667 0.05039525691699605
4 0.09479166666666666 0.37549407114624506 0.016145833333333335 0.040513833992094864
4 0.453125 0.3458498023715415 0.013020833333333334 0.05731225296442688
4 0.6125 0.31126482213438733 0.009895833333333333 0.05237154150197629
4 0.3572916666666667 0.3567193675889328 0.011979166666666667 0.06027667984189723
4 0.49270833333333336 0.33794466403162055 0.013541666666666667 0.04743083003952569
4 0.3640625 0.35375494071146246 0.0125 0.058300395256917
3 0.271875 0.5098814229249012 0.021354166666666667 0.09189723320158102
1 0.17447916666666666 0.4268774703557312 0.007291666666666667 0.01383399209486166
2 0.7463541666666667 0.2450592885375494 0.005729166666666666 0.005928853754940711
0 0.6442708333333333 0.33893280632411066 0.0036458333333333334 0.007905138339920948