4 0.3260416666666667 0.83399209486166 0.028645833333333332 0.10968379446640317
4 0.078125 0.932806324110672 0.052083333333333336 0.13438735177865613
4 0.23645833333333333 0.30632411067193677 0.013541666666666667 0.05731225296442688
4 0.321875 0.31521739130434784 0.015104166666666667 0.05533596837944664
4 0.34479166666666666 0.31620553359683795 0.011979166666666667 0.0533596837944664
4 0.3734375 0.30434782608695654 0.0109375 0.05039525691699605
4 0.38958333333333334 0.31225296442687744 0.009895833333333333 0.05138339920948617
4 0.4010416666666667 0.30632411067193677 0.013541666666666667 0.05138339920948617
4 0.43333333333333335 0.3191699604743083 0.019791666666666666 0.041501976284584984
4 0.49895833333333334 0.3142292490118577 0.015625 0.05533596837944664
4 0.6026041666666667 0.3181818181818182 0.015104166666666667 0.05632411067193676
4 0.6520833333333333 0.31126482213438733 0.011458333333333333 0.04940711462450593
4 0.6463541666666667 0.30632411067193677 0.011458333333333333 0.0533596837944664
1 0.1578125 0.3448616600790514 0.004166666666666667 0.009881422924901186
0 0.6645833333333333 0.34189723320158105 0.004166666666666667 0.010869565217391304
0 0.9135416666666667 0.3409090909090909 0.0046875 0.009881422924901186
3 0.9208333333333333 0.40810276679841895 0.0203125 0.06620553359683795
3 0.8333333333333334 0.3922924901185771 0.014583333333333334 0.05237154150197629
3 0.8291666666666667 0.41304347826086957 0.021354166666666667 0.0691699604743083
3 0.8432291666666667 0.43873517786561267 0.029166666666666667 0.07707509881422925
3 0.7098958333333333 0.40019762845849804 0.0203125 0.058300395256917
3 0.6979166666666666 0.40810276679841895 0.01875 0.06324110671936758
3 0.7041666666666667 0.4278656126482213 0.0203125 0.06818181818181818
3 0.6567708333333333 0.39920948616600793 0.019791666666666666 0.07114624505928854
3 0.6005208333333333 0.549407114624506 0.027083333333333334 0.08992094861660078
3 0.4 0.3794466403162055 0.016666666666666666 0.05928853754940711
3 0.29010416666666666 0.3458498023715415 0.016666666666666666 0.06126482213438735
3 0.29270833333333335 0.4199604743083004 0.03333333333333333 0.08201581027667984
3 0.2671875 0.4051383399209486 0.0265625 0.06521739130434782
3 0.36822916666666666 0.6225296442687747 0.030208333333333334 0.10474308300395258