3 0.6947916666666667 0.49604743083003955 0.0296875 0.14624505928853754
3 0.4739583333333333 0.4288537549407115 0.034895833333333334 0.11067193675889328
3 0.6067708333333334 0.41205533596837945 0.021875 0.11067193675889328
4 0.12083333333333333 0.25691699604743085 0.0171875 0.07213438735177866
3 0.43333333333333335 0.35079051383399207 0.021354166666666667 0.10375494071146245
3 0.55625 0.30138339920948615 0.015104166666666667 0.08102766798418973
3 0.5182291666666666 0.30138339920948615 0.014583333333333334 0.09189723320158102
4 0.9239583333333333 0.32707509881422925 0.017708333333333333 0.08300395256916997
3 0.41770833333333335 0.2776679841897233 0.019270833333333334 0.0691699604743083
4 0.04375 0.23517786561264822 0.016145833333333335 0.06225296442687747
3 0.46197916666666666 0.3073122529644269 0.016666666666666666 0.07905138339920949
4 0.09166666666666666 0.25592885375494073 0.015104166666666667 0.0691699604743083
4 0.15260416666666668 0.25296442687747034 0.020833333333333332 0.07015810276679842
3 0.5875 0.25691699604743085 0.013020833333333334 0.06521739130434782
3 0.484375 0.29150197628458496 0.016145833333333335 0.07806324110671936
4 0.8229166666666666 0.26877470355731226 0.015104166666666667 0.07213438735177866
4 0.95 0.3310276679841897 0.018229166666666668 0.08794466403162056
3 0.5057291666666667 0.24703557312252963 0.0125 0.06324110671936758
4 0.9265625 0.27964426877470355 0.015625 0.0691699604743083
3 0.4864583333333333 0.24308300395256918 0.013020833333333334 0.05533596837944664
1 0.14479166666666668 0.29347826086956524 0.005729166666666666 0.01383399209486166
3 0.5427083333333333 0.2658102766798419 0.0140625 0.07312252964426877
0 0.30520833333333336 0.1857707509881423 0.0036458333333333334 0.008893280632411068
0 0.334375 0.1650197628458498 0.0036458333333333334 0.00691699604743083
0 0.6354166666666666 0.16897233201581027 0.003125 0.00691699604743083
0 0.6666666666666666 0.18972332015810275 0.0036458333333333334 0.007905138339920948
4 0.9427083333333334 0.3577075098814229 0.030729166666666665 0.038537549407114624
1 0.8229166666666666 0.2994071146245059 0.0046875 0.011857707509881422
3 0.5421875 0.2509881422924901 0.0140625 0.06818181818181818
4 0.096875 0.2776679841897233 0.016145833333333335 0.07707509881422925