3 0.8229166666666666 0.6047430830039525 0.0296875 0.13142292490118576
3 0.9666666666666667 0.4723320158102767 0.0265625 0.09486166007905138
3 0.8578125 0.5988142292490118 0.03229166666666667 0.12549407114624506
3 0.453125 0.4743083003952569 0.020833333333333332 0.08102766798418973
3 0.5677083333333334 0.40810276679841895 0.027604166666666666 0.06620553359683795
3 0.5364583333333334 0.4841897233201581 0.022395833333333334 0.08596837944664032
4 0.75625 0.3685770750988142 0.013020833333333334 0.06818181818181818
3 0.415625 0.4308300395256917 0.018229166666666668 0.07213438735177866
3 0.475 0.4160079051383399 0.021354166666666667 0.08102766798418973
3 0.8505208333333333 0.4367588932806324 0.027083333333333334 0.08300395256916997
3 0.7333333333333333 0.5276679841897233 0.030208333333333334 0.08893280632411067
3 0.22447916666666667 0.33893280632411066 0.016666666666666666 0.05533596837944664
3 0.6510416666666666 0.4090909090909091 0.014583333333333334 0.07213438735177866
3 0.23854166666666668 0.3448616600790514 0.0171875 0.05237154150197629
4 0.5776041666666667 0.3438735177865613 0.015625 0.05928853754940711
4 0.7036458333333333 0.37351778656126483 0.013541666666666667 0.05731225296442688
4 0.4708333333333333 0.33201581027667987 0.011979166666666667 0.05039525691699605
4 0.9052083333333333 0.37549407114624506 0.016145833333333335 0.040513833992094864
4 0.546875 0.3458498023715415 0.013020833333333334 0.05731225296442688
4 0.3875 0.31126482213438733 0.009895833333333333 0.05237154150197629
4 0.6427083333333333 0.3567193675889328 0.011979166666666667 0.06027667984189723
4 0.5072916666666667 0.33794466403162055 0.013541666666666667 0.04743083003952569
4 0.6359375 0.35375494071146246 0.0125 0.058300395256917
3 0.728125 0.5098814229249012 0.021354166666666667 0.09189723320158102
1 0.8255208333333334 0.4268774703557312 0.007291666666666667 0.01383399209486166
2 0.25364583333333335 0.2450592885375494 0.005729166666666666 0.005928853754940711
0 0.35572916666666665 0.33893280632411066 0.0036458333333333334 0.007905138339920948