3 0.81875 0.5770750988142292 0.058854166666666666 0.16106719367588934
3 0.63125 0.2994071146245059 0.017708333333333333 0.07707509881422925
3 0.5708333333333333 0.3211462450592885 0.018229166666666668 0.10276679841897234
4 0.009375 0.31521739130434784 0.01875 0.09980237154150198
3 0.4635416666666667 0.39624505928853754 0.018229166666666668 0.09881422924901186
4 0.0765625 0.21442687747035574 0.0125 0.06126482213438735
4 0.12291666666666666 0.2341897233201581 0.016145833333333335 0.06719367588932806
4 0.7958333333333333 0.2450592885375494 0.0125 0.06521739130434782
3 0.496875 0.29150197628458496 0.016145833333333335 0.07312252964426877
4 0.17760416666666667 0.22924901185770752 0.020833333333333332 0.06324110671936758
4 0.016145833333333335 0.24703557312252963 0.016666666666666666 0.06719367588932806
3 0.46979166666666666 0.31620553359683795 0.019270833333333334 0.08992094861660078
4 0.14739583333333334 0.23517786561264822 0.014583333333333334 0.0691699604743083
4 0.9052083333333333 0.2924901185770751 0.0125 0.0741106719367589
2 0.7984375 0.5484189723320159 0.016666666666666666 0.017786561264822136
4 0.88125 0.29051383399209485 0.016145833333333335 0.07806324110671936
3 0.4197916666666667 0.21047430830039526 0.011979166666666667 0.05434782608695652
3 0.44479166666666664 0.22826086956521738 0.0125 0.05434782608695652
3 0.5614583333333333 0.22233201581027667 0.0109375 0.06225296442687747
3 0.4734375 0.2450592885375494 0.013541666666666667 0.041501976284584984
4 0.8854166666666666 0.2608695652173913 0.016145833333333335 0.0800395256916996
3 0.5510416666666667 0.2075098814229249 0.0109375 0.04940711462450593
0 0.31302083333333336 0.17687747035573123 0.004166666666666667 0.008893280632411068
4 0.1359375 0.23616600790513834 0.013541666666666667 0.0691699604743083
0 0.33958333333333335 0.15810276679841898 0.003125 0.00691699604743083
0 0.6572916666666667 0.17984189723320157 0.003125 0.007905138339920948
1 0.17239583333333333 0.2658102766798419 0.005208333333333333 0.012845849802371542
1 0.7947916666666667 0.2727272727272727 0.0036458333333333334 0.009881422924901186
0 0.6296875 0.16106719367588934 0.0026041666666666665 0.005928853754940711
3 0.4739583333333333 0.2816205533596838 0.013020833333333334 0.0741106719367589
3 0.5208333333333334 0.2124505928853755 0.011979166666666667 0.06027667984189723
4 0.8963541666666667 0.31521739130434784 0.027083333333333334 0.03557312252964427