4 0.45208333333333334 0.7164031620553359 0.0453125 0.1442687747035573
4 0.2234375 0.8122529644268774 0.053125 0.16403162055335968
4 0.10416666666666667 0.8162055335968379 0.0453125 0.17490118577075098
4 0.26666666666666666 0.2628458498023715 0.011458333333333333 0.05632411067193676
4 0.3546875 0.26976284584980237 0.013541666666666667 0.058300395256917
4 0.3765625 0.26976284584980237 0.010416666666666666 0.05533596837944664
4 0.4046875 0.2608695652173913 0.011458333333333333 0.05434782608695652
4 0.42135416666666664 0.26679841897233203 0.011458333333333333 0.04940711462450593
4 0.4322916666666667 0.2618577075098814 0.009895833333333333 0.05533596837944664
4 0.46510416666666665 0.2737154150197628 0.019791666666666666 0.039525691699604744
4 0.5359375 0.2648221343873518 0.015104166666666667 0.05434782608695652
4 0.5817708333333333 0.26679841897233203 0.0140625 0.05632411067193676
4 0.6333333333333333 0.2618577075098814 0.011979166666666667 0.04841897233201581
4 0.6776041666666667 0.25592885375494073 0.010416666666666666 0.05434782608695652
3 0.37916666666666665 0.5276679841897233 0.025520833333333333 0.116600790513834
3 0.5822916666666667 0.45652173913043476 0.026041666666666668 0.08992094861660078
3 0.8270833333333333 0.39031620553359686 0.0203125 0.07213438735177866
3 0.9421875 0.35079051383399207 0.018229166666666668 0.07114624505928854
3 0.8739583333333333 0.3339920948616601 0.0171875 0.06324110671936758
3 0.8520833333333333 0.30533596837944665 0.021354166666666667 0.05533596837944664
0 0.94375 0.2855731225296443 0.0046875 0.008893280632411068
0 0.6979166666666666 0.28952569169960474 0.004166666666666667 0.009881422924901186
1 0.1875 0.30039525691699603 0.005208333333333333 0.009881422924901186
3 0.37604166666666666 0.31225296442687744 0.026041666666666668 0.06126482213438735
3 0.4005208333333333 0.325098814229249 0.029166666666666667 0.05731225296442688
3 0.39427083333333335 0.36264822134387353 0.018229166666666668 0.08399209486166008
3 0.2869791666666667 0.3804347826086957 0.0171875 0.07509881422924901
3 0.6427083333333333 0.3132411067193676 0.01875 0.05434782608695652
3 0.665625 0.325098814229249 0.021354166666666667 0.06126482213438735
3 0.7182291666666667 0.31521739130434784 0.015625 0.06422924901185771
3 0.7401041666666667 0.30138339920948615 0.019791666666666666 0.05039525691699605