3 0.7614583333333333 0.4426877470355731 0.03854166666666667 0.12351778656126482
4 0.696875 0.8754940711462451 0.06666666666666667 0.24604743083003952
3 0.8166666666666667 0.3893280632411067 0.0328125 0.1007905138339921
3 0.7 0.3448616600790514 0.03802083333333333 0.08498023715415019
3 0.271875 0.32707509881422925 0.016145833333333335 0.07312252964426877
3 0.6614583333333334 0.3922924901185771 0.034375 0.1067193675889328
3 0.6385416666666667 0.36561264822134387 0.025520833333333333 0.09090909090909091
3 0.4041666666666667 0.2865612648221344 0.013541666666666667 0.05138339920948617
3 0.19479166666666667 0.29051383399209485 0.019270833333333334 0.04940711462450593
3 0.353125 0.30632411067193677 0.011979166666666667 0.06225296442687747
3 0.47552083333333334 0.3241106719367589 0.016666666666666666 0.0800395256916996
3 0.24270833333333333 0.3102766798418972 0.01875 0.06126482213438735
1 0.3770833333333333 0.66600790513834 0.011979166666666667 0.03359683794466403
4 0.965625 0.30434782608695654 0.013020833333333334 0.07905138339920949
1 0.8598958333333333 0.33201581027667987 0.005208333333333333 0.010869565217391304
4 0.6776041666666667 0.2816205533596838 0.013541666666666667 0.05928853754940711
4 0.6447916666666667 0.2766798418972332 0.010416666666666666 0.05039525691699605
3 0.4765625 0.29446640316205536 0.015625 0.040513833992094864
2 0.21458333333333332 0.2865612648221344 0.0067708333333333336 0.005928853754940711
0 0.37395833333333334 0.2717391304347826 0.0036458333333333334 0.007905138339920948