3 0.21666666666666667 0.4288537549407115 0.030208333333333334 0.1442687747035573
3 0.08541666666666667 0.5059288537549407 0.03333333333333333 0.14130434782608695
3 0.5083333333333333 0.40118577075098816 0.025 0.12648221343873517
3 0.42552083333333335 0.3695652173913043 0.030208333333333334 0.1067193675889328
4 0.03802083333333333 0.35079051383399207 0.023958333333333335 0.10474308300395258
3 0.2953125 0.30039525691699603 0.01875 0.08498023715415019
3 0.4479166666666667 0.30138339920948615 0.018229166666666668 0.09980237154150198
3 0.525 0.2509881422924901 0.015104166666666667 0.07015810276679842
3 0.25104166666666666 0.3092885375494071 0.022395833333333334 0.07509881422924901
3 0.33541666666666664 0.30138339920948615 0.021875 0.08102766798418973
3 0.47552083333333334 0.25 0.015625 0.0691699604743083
3 0.43645833333333334 0.2015810276679842 0.011458333333333333 0.04940711462450593
3 0.4010416666666667 0.22826086956521738 0.014583333333333334 0.05731225296442688
3 0.34270833333333334 0.2440711462450593 0.016145833333333335 0.06027667984189723
3 0.325 0.24802371541501977 0.0140625 0.06620553359683795
0 0.7453125 0.20553359683794467 0.0036458333333333334 0.008893280632411068
0 0.3458333333333333 0.17984189723320157 0.003125 0.007905138339920948
0 0.7 0.17687747035573123 0.0036458333333333334 0.007905138339920948
1 0.03697916666666667 0.39723320158102765 0.00625 0.017786561264822136
4 0.9682291666666667 0.2608695652173913 0.036458333333333336 0.018774703557312252
0 0.30625 0.2075098814229249 0.003125 0.00691699604743083