3 0.12864583333333332 0.5375494071146245 0.027083333333333334 0.10375494071146245
3 0.016666666666666666 0.5296442687747036 0.027083333333333334 0.11462450592885376
3 0.3546875 0.43774703557312256 0.021875 0.07806324110671936
3 0.340625 0.5098814229249012 0.019791666666666666 0.09486166007905138
3 0.6020833333333333 0.34881422924901184 0.015104166666666667 0.04841897233201581
3 0.5510416666666667 0.3557312252964427 0.013541666666666667 0.06225296442687747
4 0.29583333333333334 0.34782608695652173 0.0140625 0.06620553359683795
3 0.013020833333333334 0.4357707509881423 0.026041666666666668 0.07114624505928854
3 0.3072916666666667 0.4673913043478261 0.018229166666666668 0.08794466403162056
4 0.04479166666666667 0.4051383399209486 0.016666666666666666 0.06620553359683795
3 0.31875 0.49407114624505927 0.019791666666666666 0.09486166007905138
4 0.07447916666666667 0.40711462450592883 0.016666666666666666 0.06620553359683795
0 0.33125 0.3814229249011858 0.0046875 0.011857707509881422
0 0.5291666666666667 0.3349802371541502 0.004166666666666667 0.009881422924901186
4 0.052083333333333336 0.4189723320158103 0.022395833333333334 0.07015810276679842