3 0.9067708333333333 0.27865612648221344 0.052083333333333336 0.20948616600790515
3 0.425 0.3102766798418972 0.049479166666666664 0.21541501976284586
3 0.559375 0.2707509881422925 0.0453125 0.22233201581027667
3 0.18854166666666666 0.27964426877470355 0.05 0.2628458498023715
3 0.68125 0.2994071146245059 0.05364583333333333 0.24703557312252963
4 0.9916666666666667 0.14525691699604742 0.016666666666666666 0.09980237154150198
4 0.9244791666666666 0.11166007905138339 0.014583333333333334 0.06324110671936758
4 0.9666666666666667 0.12450592885375494 0.021354166666666667 0.06719367588932806
4 0.10260416666666666 0.1422924901185771 0.016145833333333335 0.07707509881422925
4 0.8208333333333333 0.11561264822134387 0.019270833333333334 0.0691699604743083
4 0.8765625 0.11758893280632411 0.014583333333333334 0.06719367588932806
4 0.0875 0.1442687747035573 0.016145833333333335 0.07806324110671936
4 0.09739583333333333 0.16403162055335968 0.0203125 0.037549407114624504
4 0.8541666666666666 0.11857707509881422 0.016145833333333335 0.06818181818181818
0 0.6854166666666667 0.11264822134387352 0.004166666666666667 0.00691699604743083
4 0.20104166666666667 0.12450592885375494 0.014583333333333334 0.0691699604743083
3 0.5729166666666666 0.09881422924901186 0.0078125 0.03260869565217391
1 0.8270833333333333 0.1492094861660079 0.0036458333333333334 0.009881422924901186
3 0.5229166666666667 0.09881422924901186 0.0067708333333333336 0.03359683794466403
3 0.503125 0.09881422924901186 0.0067708333333333336 0.03359683794466403
3 0.49322916666666666 0.09980237154150198 0.0067708333333333336 0.03260869565217391
3 0.48020833333333335 0.09881422924901186 0.0067708333333333336 0.03162055335968379
3 0.4625 0.09881422924901186 0.00625 0.030632411067193676
3 0.44375 0.09980237154150198 0.008854166666666666 0.03458498023715415
0 0.340625 0.11264822134387352 0.0026041666666666665 0.005928853754940711
0 0.36875 0.10573122529644269 0.0026041666666666665 0.005928853754940711