3 0.115625 0.4258893280632411 0.03177083333333333 0.12549407114624506
3 0.2125 0.41304347826086957 0.03802083333333333 0.12845849802371542
3 0.4270833333333333 0.5523715415019763 0.04479166666666667 0.15711462450592886
4 0.03958333333333333 0.2974308300395257 0.025520833333333333 0.08695652173913043
4 0.07604166666666666 0.2924901185770751 0.028125 0.08201581027667984
3 0.34791666666666665 0.29446640316205536 0.019270833333333334 0.06620553359683795
3 0.446875 0.2707509881422925 0.0140625 0.06620553359683795
3 0.43020833333333336 0.466403162055336 0.0328125 0.09881422924901186
3 0.5515625 0.3468379446640316 0.020833333333333332 0.06719367588932806
3 0.40572916666666664 0.22134387351778656 0.009375 0.05237154150197629
3 0.453125 0.3349802371541502 0.022395833333333334 0.08695652173913043
3 0.39166666666666666 0.21047430830039526 0.0109375 0.04841897233201581
3 0.5020833333333333 0.3290513833992095 0.024479166666666666 0.07015810276679842
4 0.003125 0.308300395256917 0.00625 0.07509881422924901
3 0.5364583333333334 0.3102766798418972 0.016145833333333335 0.08102766798418973
3 0.4625 0.30335968379446643 0.015625 0.08893280632411067
4 0.9104166666666667 0.3181818181818182 0.019270833333333334 0.08498023715415019
1 0.06979166666666667 0.3458498023715415 0.0067708333333333336 0.015810276679841896
0 0.28854166666666664 0.20059288537549408 0.0036458333333333334 0.008893280632411068
0 0.6901041666666666 0.20355731225296442 0.004166666666666667 0.008893280632411068
4 0.10625 0.24802371541501977 0.0265625 0.019762845849802372
0 0.32395833333333335 0.17490118577075098 0.003125 0.00691699604743083
0 0.653125 0.17885375494071146 0.003125 0.00691699604743083
1 0.9109375 0.3557312252964427 0.00625 0.01383399209486166