3 0.9213541666666667 0.6363636363636364 0.030729166666666665 0.12055335968379446
3 0.8546875 0.6669960474308301 0.028645833333333332 0.11462450592885376
3 0.9713541666666666 0.6946640316205533 0.030729166666666665 0.11363636363636363
3 0.7645833333333333 0.7964426877470355 0.0296875 0.12154150197628459
3 0.7875 0.7262845849802372 0.022916666666666665 0.12154150197628459
3 0.42864583333333334 0.7341897233201581 0.025520833333333333 0.10573122529644269
3 0.2682291666666667 0.5820158102766798 0.025520833333333333 0.09881422924901186
3 0.42135416666666664 0.43379446640316205 0.011458333333333333 0.06225296442687747
3 0.503125 0.44960474308300397 0.0203125 0.0691699604743083
3 0.6135416666666667 0.47134387351778656 0.021875 0.08300395256916997
3 0.7291666666666666 0.44960474308300397 0.0171875 0.06818181818181818
3 0.6119791666666666 0.3685770750988142 0.014583333333333334 0.06225296442687747
3 0.5817708333333333 0.3794466403162055 0.0171875 0.05632411067193676
3 0.9880208333333333 0.9792490118577075 0.023958333333333335 0.041501976284584984
2 0.9536458333333333 0.6739130434782609 0.0125 0.010869565217391304
4 0.10208333333333333 0.41106719367588934 0.028645833333333332 0.03359683794466403
4 0.13645833333333332 0.37549407114624506 0.021354166666666667 0.05928853754940711
4 0.16510416666666666 0.33893280632411066 0.0125 0.058300395256917
4 0.1625 0.2598814229249012 0.010416666666666666 0.043478260869565216
4 0.7770833333333333 0.34980237154150196 0.013541666666666667 0.05928853754940711
4 0.8333333333333334 0.34881422924901184 0.013541666666666667 0.037549407114624504
4 0.8208333333333333 0.3883399209486166 0.016145833333333335 0.07114624505928854
4 0.85 0.3922924901185771 0.0109375 0.07213438735177866
4 0.8994791666666667 0.5029644268774703 0.016666666666666666 0.07509881422924901
4 0.8869791666666667 0.4683794466403162 0.016666666666666666 0.07509881422924901
4 0.9041666666666667 0.48221343873517786 0.017708333333333333 0.0800395256916996
4 0.8953125 0.4851778656126482 0.028645833333333332 0.08399209486166008
4 0.9635416666666666 0.5632411067193676 0.0234375 0.07509881422924901
1 0.18489583333333334 0.37450592885375494 0.005208333333333333 0.014822134387351778
1 0.76875 0.38438735177865613 0.005208333333333333 0.012845849802371542
0 0.6546875 0.23023715415019763 0.004166666666666667 0.007905138339920948
0 0.6317708333333333 0.19861660079051383 0.0036458333333333334 0.007905138339920948
0 0.3494791666666667 0.1956521739130435 0.003125 0.00691699604743083
0 0.3223958333333333 0.22826086956521738 0.0036458333333333334 0.008893280632411068