4 0.85 0.2618577075098814 0.020833333333333332 0.09288537549407115
4 0.85625 0.27865612648221344 0.022916666666666665 0.10474308300395258
4 0.6510416666666666 0.23715415019762845 0.025520833333333333 0.08695652173913043
4 0.6020833333333333 0.22628458498023715 0.019791666666666666 0.0691699604743083
4 0.5348958333333333 0.21146245059288538 0.016666666666666666 0.07114624505928854
4 0.5067708333333333 0.2075098814229249 0.014583333333333334 0.07707509881422925
4 0.490625 0.21047430830039526 0.014583333333333334 0.06324110671936758
4 0.43020833333333336 0.20059288537549408 0.015104166666666667 0.0691699604743083
4 0.44947916666666665 0.20652173913043478 0.013541666666666667 0.06818181818181818
4 0.4635416666666667 0.1966403162055336 0.013020833333333334 0.05237154150197629
4 0.37864583333333335 0.1857707509881423 0.011458333333333333 0.058300395256917
0 0.8447916666666667 0.32608695652173914 0.0078125 0.017786561264822136
3 0.8 0.31719367588932806 0.0328125 0.11857707509881422
3 0.6234375 0.4426877470355731 0.0421875 0.14525691699604742
2 0.6421875 0.42292490118577075 0.018229166666666668 0.015810276679841896
3 0.5744791666666667 0.45553359683794464 0.0484375 0.13636363636363635
3 0.5661458333333333 0.3567193675889328 0.042708333333333334 0.10770750988142293
3 0.49583333333333335 0.3922924901185771 0.0328125 0.13932806324110672
3 0.4625 0.23517786561264822 0.015104166666666667 0.0691699604743083
3 0.3854166666666667 0.20355731225296442 0.013020833333333334 0.07608695652173914
3 0.3151041666666667 0.29150197628458496 0.029166666666666667 0.10474308300395258
3 0.23697916666666666 0.24802371541501977 0.028125 0.08498023715415019
1 0.2984375 0.20553359683794467 0.004166666666666667 0.010869565217391304
0 0.0671875 0.1541501976284585 0.004166666666666667 0.007905138339920948
0 0.0078125 0.14130434782608695 0.0036458333333333334 0.007905138339920948
3 0.04791666666666667 0.2737154150197628 0.025520833333333333 0.09387351778656126
3 0.09114583333333333 0.26877470355731226 0.024479166666666666 0.09782608695652174