4 0.034895833333333334 0.4318181818181818 0.022395833333333334 0.06620553359683795
4 0.09270833333333334 0.4140316205533597 0.014583333333333334 0.06324110671936758
4 0.12083333333333333 0.40810276679841895 0.017708333333333333 0.06521739130434782
4 0.26510416666666664 0.366600790513834 0.019270833333333334 0.058300395256917
4 0.29635416666666664 0.34288537549407117 0.013541666666666667 0.058300395256917
0 0.9270833333333334 0.6679841897233202 0.008854166666666666 0.020750988142292492
2 0.7026041666666667 0.5059288537549407 0.009375 0.009881422924901186
0 0.5104166666666666 0.3142292490118577 0.0036458333333333334 0.008893280632411068
0 0.32916666666666666 0.37351778656126483 0.004166666666666667 0.010869565217391304
3 0.6567708333333333 0.44664031620553357 0.0171875 0.07213438735177866
3 0.659375 0.45948616600790515 0.014583333333333334 0.07707509881422925
3 0.49583333333333335 0.4673913043478261 0.016666666666666666 0.07213438735177866
3 0.0734375 0.6986166007905138 0.03229166666666667 0.11166007905138339
3 0.044270833333333336 0.4792490118577075 0.025 0.07509881422924901