3 0.31666666666666665 0.33992094861660077 0.034375 0.10573122529644269
4 0.07083333333333333 0.283596837944664 0.030729166666666665 0.08201581027667984
3 0.6322916666666667 0.34782608695652173 0.025520833333333333 0.10177865612648221
4 0.034375 0.2885375494071146 0.026041666666666668 0.08893280632411067
3 0.4239583333333333 0.5355731225296443 0.03177083333333333 0.17885375494071146
3 0.44895833333333335 0.4980237154150198 0.030729166666666665 0.14525691699604742
3 0.23645833333333333 0.3290513833992095 0.019791666666666666 0.08992094861660078
4 0.9182291666666667 0.3102766798418972 0.019791666666666666 0.08695652173913043
3 0.47708333333333336 0.2865612648221344 0.017708333333333333 0.09189723320158102
3 0.5536458333333333 0.2885375494071146 0.014583333333333334 0.0800395256916996
3 0.4197916666666667 0.283596837944664 0.015625 0.0741106719367589
3 0.43854166666666666 0.20059288537549408 0.0109375 0.05138339920948617
3 0.7046875 0.3784584980237154 0.028125 0.11067193675889328
3 0.4401041666666667 0.2885375494071146 0.01875 0.07905138339920949
3 0.45625 0.1956521739130435 0.009375 0.043478260869565216
3 0.5260416666666666 0.2865612648221344 0.0234375 0.07213438735177866
1 0.06510416666666667 0.33893280632411066 0.00625 0.015810276679841896
0 0.28854166666666664 0.1956521739130435 0.0036458333333333334 0.007905138339920948
2 0.7 0.33794466403162055 0.013020833333333334 0.015810276679841896
0 0.6927083333333334 0.19960474308300397 0.0036458333333333334 0.007905138339920948
0 0.6557291666666667 0.17490118577075098 0.003125 0.007905138339920948
1 0.9182291666666667 0.34881422924901184 0.005208333333333333 0.01383399209486166
3 0.5244791666666667 0.2964426877470356 0.025 0.07806324110671936
0 0.32395833333333335 0.17193675889328064 0.003125 0.00691699604743083