4 0.008333333333333333 0.24110671936758893 0.016666666666666666 0.09090909090909091
4 0.946875 0.26778656126482214 0.030729166666666665 0.11067193675889328
4 0.9770833333333333 0.2598814229249012 0.017708333333333333 0.1007905138339921
1 0.8453125 0.26976284584980237 0.005729166666666666 0.015810276679841896
0 0.6223958333333334 0.1482213438735178 0.004166666666666667 0.00691699604743083
0 0.5838541666666667 0.12845849802371542 0.003125 0.00691699604743083
0 0.2526041666666667 0.13142292490118576 0.003125 0.00691699604743083
0 0.21927083333333333 0.15612648221343872 0.003125 0.00691699604743083
3 0.26666666666666666 0.208498023715415 0.016666666666666666 0.06818181818181818
3 0.3 0.17490118577075098 0.013020833333333334 0.06126482213438735
3 0.340625 0.13537549407114624 0.008854166666666666 0.042490118577075096
3 0.3645833333333333 0.14031620553359683 0.013541666666666667 0.03359683794466403
3 0.43020833333333336 0.1551383399209486 0.010416666666666666 0.05731225296442688
3 0.403125 0.12845849802371542 0.008333333333333333 0.018774703557312252
3 0.4046875 0.15612648221343872 0.013020833333333334 0.046442687747035576
3 0.53125 0.1482213438735178 0.013541666666666667 0.041501976284584984
3 0.5234375 0.15019762845849802 0.0109375 0.046442687747035576
3 0.4140625 0.2756916996047431 0.023958333333333335 0.09090909090909091
3 0.54375 0.2025691699604743 0.019791666666666666 0.0691699604743083
3 0.5578125 0.2124505928853755 0.01875 0.06422924901185771
3 0.5713541666666667 0.2549407114624506 0.020833333333333332 0.08992094861660078
3 0.7130208333333333 0.23122529644268774 0.019791666666666666 0.08498023715415019
1 0.009895833333333333 0.2924901185770751 0.0078125 0.016798418972332016