3 0.9703125 0.7944664031620553 0.058854166666666666 0.20355731225296442
3 0.5442708333333334 0.5800395256916996 0.028125 0.17193675889328064
3 0.6098958333333333 0.49407114624505927 0.027083333333333334 0.1442687747035573
3 0.6760416666666667 0.41304347826086957 0.022395833333333334 0.1225296442687747
3 0.31875 0.43478260869565216 0.022916666666666665 0.11561264822134387
3 0.4197916666666667 0.42193675889328064 0.021875 0.1007905138339921
3 0.40572916666666664 0.4051383399209486 0.022916666666666665 0.1007905138339921
3 0.6203125 0.24209486166007904 0.0109375 0.043478260869565216
3 0.5755208333333334 0.21936758893280633 0.009895833333333333 0.036561264822134384
3 0.5635416666666667 0.23221343873517786 0.0109375 0.043478260869565216
3 0.5307291666666667 0.23616600790513834 0.011979166666666667 0.044466403162055336
3 0.40989583333333335 0.21640316205533597 0.008854166666666666 0.037549407114624504
3 0.5145833333333333 0.21936758893280633 0.008854166666666666 0.039525691699604744
3 0.5135416666666667 0.1976284584980237 0.008333333333333333 0.0266798418972332
4 0.940625 0.3132411067193676 0.030729166666666665 0.036561264822134384
4 0.9359375 0.2608695652173913 0.021875 0.0741106719367589
4 0.859375 0.22430830039525693 0.008854166666666666 0.04841897233201581
4 0.32708333333333334 0.21541501976284586 0.011458333333333333 0.037549407114624504
4 0.28020833333333334 0.2450592885375494 0.011458333333333333 0.05138339920948617
4 0.178125 0.2737154150197628 0.010416666666666666 0.02766798418972332
4 0.16041666666666668 0.29545454545454547 0.009895833333333333 0.07509881422924901
4 0.13697916666666668 0.34288537549407117 0.019270833333333334 0.08596837944664032
4 0.11145833333333334 0.3468379446640316 0.019270833333333334 0.08695652173913043
4 0.04010416666666667 0.39920948616600793 0.023958333333333335 0.07905138339920949
1 0.8479166666666667 0.2974308300395257 0.0046875 0.012845849802371542
1 0.24322916666666666 0.30533596837944665 0.005208333333333333 0.012845849802371542
0 0.35520833333333335 0.2183794466403162 0.0036458333333333334 0.008893280632411068
0 0.3770833333333333 0.2015810276679842 0.0036458333333333334 0.007905138339920948
0 0.6614583333333334 0.1976284584980237 0.003125 0.00691699604743083
0 0.6921875 0.21640316205533597 0.0036458333333333334 0.009881422924901186