4 0.03333333333333333 0.30335968379446643 0.0203125 0.11264822134387352
4 0.16770833333333332 0.2628458498023715 0.024479166666666666 0.10474308300395258
4 0.14479166666666668 0.2648221343873518 0.018229166666666668 0.0958498023715415
4 0.1265625 0.2717391304347826 0.01875 0.08695652173913043
4 0.12447916666666667 0.2598814229249012 0.017708333333333333 0.09486166007905138
4 0.21875 0.23221343873517786 0.0203125 0.08794466403162056
4 0.22708333333333333 0.21640316205533597 0.011979166666666667 0.08201581027667984
1 0.3255208333333333 0.23023715415019763 0.00625 0.01383399209486166
0 0.5114583333333333 0.14130434782608695 0.004166666666666667 0.007905138339920948
0 0.5473958333333333 0.12351778656126482 0.0036458333333333334 0.007905138339920948
0 0.8776041666666666 0.1324110671936759 0.0036458333333333334 0.00691699604743083
0 0.9067708333333333 0.1551383399209486 0.0036458333333333334 0.007905138339920948
3 0.7984375 0.14130434782608695 0.011458333333333333 0.045454545454545456
3 0.8223958333333333 0.14525691699604742 0.011979166666666667 0.041501976284584984
3 0.7536458333333333 0.15019762845849802 0.0171875 0.045454545454545456
3 0.7213541666666666 0.15711462450592886 0.016145833333333335 0.05039525691699605
3 0.7348958333333333 0.17391304347826086 0.019791666666666666 0.05434782608695652
3 0.6989583333333333 0.16699604743083005 0.016666666666666666 0.05731225296442688
3 0.8541666666666666 0.2391304347826087 0.01875 0.08201581027667984
3 0.5734375 0.14525691699604742 0.014583333333333334 0.040513833992094864
3 0.5614583333333333 0.14624505928853754 0.0109375 0.040513833992094864
3 0.4171875 0.23122529644268774 0.022916666666666665 0.07312252964426877
3 0.4484375 0.233201581027668 0.023958333333333335 0.07707509881422925
3 0.41354166666666664 0.2707509881422925 0.025 0.08893280632411067
3 0.5260416666666666 0.3310276679841897 0.0296875 0.11067193675889328
3 0.2890625 0.2707509881422925 0.0265625 0.09683794466403162