3 0.303125 0.5079051383399209 0.04375 0.15217391304347827
3 0.39114583333333336 0.42391304347826086 0.03854166666666667 0.11363636363636363
3 0.5822916666666667 0.35276679841897235 0.036458333333333336 0.08596837944664032
3 0.45729166666666665 0.41205533596837945 0.0328125 0.10968379446640317
4 0.8270833333333333 0.308300395256917 0.015625 0.0741106719367589
4 0.7604166666666666 0.30237154150197626 0.016145833333333335 0.0741106719367589
4 0.696875 0.29150197628458496 0.0171875 0.07312252964426877
3 0.4973958333333333 0.4041501976284585 0.036458333333333336 0.10573122529644269
4 0.8010416666666667 0.30632411067193677 0.016145833333333335 0.07213438735177866
2 0.30520833333333336 0.5118577075098815 0.015104166666666667 0.024703557312252964
4 0.9927083333333333 0.3181818181818182 0.014583333333333334 0.07509881422924901
0 0.675 0.3300395256916996 0.005208333333333333 0.011857707509881422
4 0.878125 0.31126482213438733 0.0203125 0.07509881422924901
0 0.3875 0.30632411067193677 0.0046875 0.009881422924901186
3 0.4791666666666667 0.3675889328063241 0.0234375 0.09189723320158102
3 0.4921875 0.3675889328063241 0.03125 0.09189723320158102