3 0.8296875 0.23616600790513834 0.05 0.17687747035573123
3 0.440625 0.2707509881422925 0.0421875 0.1907114624505929
3 0.559375 0.25790513833992096 0.04479166666666667 0.1966403162055336
3 0.6791666666666667 0.2855731225296443 0.044270833333333336 0.22826086956521738
3 0.22135416666666666 0.2490118577075099 0.042708333333333334 0.22727272727272727
4 0.9916666666666667 0.1442687747035573 0.016145833333333335 0.09980237154150198
4 0.925 0.11264822134387352 0.0140625 0.06324110671936758
4 0.10520833333333333 0.1422924901185771 0.016666666666666666 0.06818181818181818
4 0.8802083333333334 0.11857707509881422 0.015625 0.06521739130434782
4 0.8520833333333333 0.116600790513834 0.0140625 0.0691699604743083
4 0.08958333333333333 0.14525691699604742 0.015104166666666667 0.07707509881422925
4 0.9359375 0.12450592885375494 0.021875 0.0691699604743083
4 0.8635416666666667 0.11758893280632411 0.013020833333333334 0.06719367588932806
4 0.2 0.12549407114624506 0.011458333333333333 0.06225296442687747
4 0.09791666666666667 0.16403162055335968 0.022916666666666665 0.03557312252964427
0 0.6864583333333333 0.11067193675889328 0.0036458333333333334 0.007905138339920948
4 0.821875 0.11561264822134387 0.0203125 0.07114624505928854
3 0.44427083333333334 0.09881422924901186 0.008854166666666666 0.038537549407114624
3 0.48125 0.09980237154150198 0.007291666666666667 0.038537549407114624
0 0.340625 0.11264822134387352 0.0036458333333333334 0.007905138339920948
3 0.4640625 0.09980237154150198 0.0078125 0.036561264822134384
1 0.828125 0.1492094861660079 0.003125 0.010869565217391304
1 0.20104166666666667 0.15217391304347827 0.0036458333333333334 0.009881422924901186
3 0.49375 0.10276679841897234 0.008854166666666666 0.036561264822134384
3 0.5057291666666667 0.09881422924901186 0.0078125 0.03557312252964427
3 0.5234375 0.09980237154150198 0.007291666666666667 0.03458498023715415
3 0.5755208333333334 0.09782608695652174 0.0067708333333333336 0.03359683794466403