4 0.42916666666666664 0.2974308300395257 0.013541666666666667 0.05434782608695652
4 0.4942708333333333 0.3201581027667984 0.0125 0.058300395256917
4 0.5166666666666667 0.3231225296442688 0.011979166666666667 0.0533596837944664
4 0.5546875 0.3290513833992095 0.009375 0.05138339920948617
4 0.5708333333333333 0.3241106719367589 0.011979166666666667 0.05731225296442688
4 0.5520833333333334 0.3191699604743083 0.009895833333333333 0.05731225296442688
4 0.6036458333333333 0.3438735177865613 0.022916666666666665 0.041501976284584984
4 0.6317708333333333 0.33794466403162055 0.014583333333333334 0.05138339920948617
4 0.7890625 0.3685770750988142 0.01875 0.06422924901185771
4 0.8578125 0.3695652173913043 0.016145833333333335 0.06620553359683795
4 0.8947916666666667 0.39031620553359686 0.022395833333333334 0.039525691699604744
2 0.5177083333333333 0.3725296442687747 0.011458333333333333 0.007905138339920948
3 0.6359375 0.3606719367588933 0.025520833333333333 0.0533596837944664
3 0.6328125 0.3725296442687747 0.024479166666666666 0.058300395256917
3 0.5786458333333333 0.42292490118577075 0.028125 0.07114624505928854
3 0.41875 0.4199604743083004 0.025520833333333333 0.06324110671936758
4 0.10520833333333333 0.8438735177865613 0.029166666666666667 0.1422924901185771
0 0.8677083333333333 0.41798418972332013 0.00625 0.01383399209486166
3 0.9020833333333333 0.4407114624505929 0.0328125 0.06027667984189723
3 0.8604166666666667 0.44861660079051385 0.026041666666666668 0.06324110671936758
3 0.9182291666666667 0.5237154150197628 0.019791666666666666 0.08102766798418973
3 0.8880208333333334 0.5602766798418972 0.0203125 0.09980237154150198
3 0.9494791666666667 0.5592885375494071 0.027083333333333334 0.09189723320158102
3 0.8760416666666667 0.5968379446640316 0.027083333333333334 0.09980237154150198
1 0.3546875 0.3221343873517787 0.004166666666666667 0.010869565217391304
0 0.0140625 0.25889328063241107 0.0036458333333333334 0.008893280632411068