4 0.8197916666666667 0.274703557312253 0.021354166666666667 0.10474308300395258
4 0.825 0.2628458498023715 0.0203125 0.10276679841897234
4 0.6171875 0.22628458498023715 0.016666666666666666 0.08695652173913043
4 0.5932291666666667 0.21739130434782608 0.021875 0.0741106719367589
4 0.5348958333333333 0.19960474308300397 0.013541666666666667 0.07114624505928854
4 0.5083333333333333 0.1966403162055336 0.013541666666666667 0.07905138339920949
4 0.4942708333333333 0.1976284584980237 0.014583333333333334 0.06324110671936758
4 0.4708333333333333 0.18478260869565216 0.011979166666666667 0.06422924901185771
4 0.45729166666666665 0.1907114624505929 0.014583333333333334 0.06422924901185771
4 0.4348958333333333 0.1857707509881423 0.017708333333333333 0.06422924901185771
4 0.4015625 0.16600790513833993 0.008854166666666666 0.06225296442687747
0 0.8026041666666667 0.3221343873517787 0.0067708333333333336 0.016798418972332016
1 0.32864583333333336 0.18774703557312253 0.004166666666666667 0.010869565217391304
0 0.14270833333333333 0.13537549407114624 0.0036458333333333334 0.007905138339920948
0 0.096875 0.1225296442687747 0.003125 0.007905138339920948
3 0.13125 0.21640316205533597 0.0171875 0.08102766798418973
3 0.21822916666666667 0.18774703557312253 0.0140625 0.0741106719367589
3 0.3104166666666667 0.22332015810276679 0.019791666666666666 0.07312252964426877
3 0.2953125 0.2974308300395257 0.030208333333333334 0.10869565217391304
3 0.18645833333333334 0.31521739130434784 0.03333333333333333 0.11363636363636363
3 0.4125 0.23023715415019763 0.018229166666666668 0.07608695652173914
3 0.44479166666666664 0.47134387351778656 0.04739583333333333 0.16798418972332016
3 0.6317708333333333 0.3409090909090909 0.03854166666666667 0.10177865612648221
3 0.65625 0.3606719367588933 0.036458333333333336 0.11561264822134387
3 0.615625 0.4723320158102767 0.0484375 0.16205533596837945
3 0.7786458333333334 0.2984189723320158 0.03802083333333333 0.10573122529644269
2 0.7828125 0.30138339920948615 0.013020833333333334 0.020750988142292492