3 0.7651041666666667 0.5810276679841897 0.075 0.15019762845849802
3 0.5604166666666667 0.31620553359683795 0.019270833333333334 0.10177865612648221
3 0.46979166666666666 0.38636363636363635 0.021875 0.09980237154150198
4 0.009375 0.32707509881422925 0.01875 0.09782608695652174
3 0.6083333333333333 0.29347826086956524 0.015104166666666667 0.07509881422924901
4 0.7947916666666667 0.25 0.0140625 0.0691699604743083
4 0.078125 0.22134387351778656 0.0125 0.05731225296442688
4 0.14583333333333334 0.24209486166007904 0.0203125 0.06719367588932806
4 0.125 0.24011857707509882 0.016145833333333335 0.06818181818181818
2 0.709375 0.5424901185770751 0.01875 0.016798418972332016
3 0.41875 0.22826086956521738 0.011979166666666667 0.05731225296442688
4 0.9041666666666667 0.2984189723320158 0.013541666666666667 0.06818181818181818
3 0.5020833333333333 0.2845849802371542 0.016666666666666666 0.06719367588932806
3 0.4744791666666667 0.3102766798418972 0.019791666666666666 0.08102766798418973
3 0.44583333333333336 0.283596837944664 0.017708333333333333 0.06719367588932806
4 0.17864583333333334 0.23616600790513834 0.019791666666666666 0.06422924901185771
3 0.4817708333333333 0.2727272727272727 0.0125 0.0691699604743083
4 0.0046875 0.2598814229249012 0.009375 0.06818181818181818
3 0.5291666666666667 0.23122529644268774 0.011979166666666667 0.05632411067193676
3 0.45260416666666664 0.24604743083003952 0.013541666666666667 0.06324110671936758
3 0.51875 0.2134387351778656 0.0125 0.045454545454545456
4 0.8791666666666667 0.2984189723320158 0.015104166666666667 0.07509881422924901
3 0.5640625 0.23517786561264822 0.015625 0.06719367588932806
3 0.559375 0.22628458498023715 0.011979166666666667 0.06324110671936758
0 0.6567708333333333 0.18280632411067194 0.003125 0.007905138339920948
0 0.31354166666666666 0.18181818181818182 0.0036458333333333334 0.00691699604743083
0 0.340625 0.16304347826086957 0.0036458333333333334 0.00691699604743083
1 0.17291666666666666 0.2737154150197628 0.005208333333333333 0.011857707509881422
4 0.88125 0.27865612648221344 0.016666666666666666 0.08399209486166008
0 0.6296875 0.1650197628458498 0.0026041666666666665 0.005928853754940711
4 0.8953125 0.32608695652173914 0.025520833333333333 0.03458498023715415
1 0.7947916666666667 0.28063241106719367 0.004166666666666667 0.010869565217391304