4 0.4375 0.7381422924901185 0.04114583333333333 0.14624505928853754
4 0.6526041666666667 0.825098814229249 0.05677083333333333 0.12944664031620554
4 0.7796875 0.8557312252964426 0.051041666666666666 0.18181818181818182
4 0.9578125 0.808300395256917 0.05260416666666667 0.1492094861660079
4 0.96875 0.9219367588932806 0.0625 0.10474308300395258
4 0.721875 0.26877470355731226 0.011458333333333333 0.05731225296442688
4 0.6244791666666667 0.2717391304347826 0.009375 0.05928853754940711
4 0.6072916666666667 0.2727272727272727 0.010416666666666666 0.05632411067193676
4 0.5817708333333333 0.2648221343873518 0.0109375 0.05237154150197629
4 0.5630208333333333 0.26976284584980237 0.0125 0.05039525691699605
4 0.553125 0.26383399209486164 0.0109375 0.0533596837944664
4 0.51875 0.2766798418972332 0.021354166666666667 0.040513833992094864
4 0.45208333333333334 0.26778656126482214 0.013020833333333334 0.05731225296442688
4 0.42083333333333334 0.26778656126482214 0.015104166666666667 0.05731225296442688
4 0.3515625 0.2628458498023715 0.011458333333333333 0.05039525691699605
4 0.30833333333333335 0.25790513833992096 0.0125 0.05632411067193676
1 0.8010416666666667 0.3073122529644269 0.004166666666666667 0.009881422924901186
0 0.28489583333333335 0.29051383399209485 0.004166666666666667 0.009881422924901186
0 0.04635416666666667 0.2845849802371542 0.004166666666666667 0.009881422924901186
3 0.5401041666666667 0.2875494071146245 0.021875 0.05533596837944664
3 0.4708333333333333 0.2994071146245059 0.019791666666666666 0.0533596837944664
3 0.4713541666666667 0.3201581027667984 0.018229166666666668 0.06324110671936758
3 0.5052083333333334 0.3290513833992095 0.017708333333333333 0.06818181818181818
3 0.5411458333333333 0.3606719367588933 0.022916666666666665 0.08300395256916997
3 0.634375 0.39723320158102765 0.0171875 0.0800395256916996
3 0.30572916666666666 0.3211462450592885 0.019791666666666666 0.06324110671936758
3 0.20729166666666668 0.3132411067193676 0.019270833333333334 0.0533596837944664
3 0.18489583333333334 0.31719367588932806 0.019270833333333334 0.058300395256917
3 0.10364583333333334 0.32608695652173914 0.015625 0.05632411067193676
3 0.04010416666666667 0.3458498023715415 0.015104166666666667 0.06620553359683795
3 0.19895833333333332 0.3952569169960474 0.021875 0.0800395256916996
3 0.23072916666666668 0.4624505928853755 0.03333333333333333 0.0800395256916996
3 0.19583333333333333 0.5602766798418972 0.04375 0.11561264822134387