3 0.7171875 0.4891304347826087 0.027083333333333334 0.07905138339920949
3 0.5369791666666667 0.40019762845849804 0.025520833333333333 0.07213438735177866
3 0.5473958333333333 0.366600790513834 0.021354166666666667 0.08201581027667984
3 0.5104166666666666 0.33300395256917 0.0234375 0.06521739130434782
3 0.44375 0.33992094861660077 0.025 0.05928853754940711
3 0.4140625 0.29446640316205536 0.0265625 0.05039525691699605
3 0.4401041666666667 0.30138339920948615 0.025 0.05434782608695652
3 0.6375 0.2875494071146245 0.014583333333333334 0.04940711462450593
3 0.6671875 0.2766798418972332 0.01875 0.041501976284584984
3 0.80625 0.31225296442687744 0.015625 0.06324110671936758
3 0.8890625 0.34782608695652173 0.022395833333333334 0.06324110671936758
3 0.8296875 0.32608695652173914 0.014583333333333334 0.06422924901185771
3 0.8390625 0.3290513833992095 0.014583333333333334 0.05928853754940711
4 0.09479166666666666 0.9525691699604744 0.052083333333333336 0.09486166007905138
4 0.2875 0.9169960474308301 0.052083333333333336 0.1650197628458498
4 0.375 0.9051383399209486 0.035416666666666666 0.18972332015810275
4 0.4984375 0.8913043478260869 0.058333333333333334 0.18972332015810275
4 0.6744791666666666 0.7470355731225297 0.03958333333333333 0.1482213438735178
4 0.21510416666666668 0.2826086956521739 0.0140625 0.05928853754940711
4 0.32760416666666664 0.2826086956521739 0.0109375 0.06027667984189723
4 0.340625 0.283596837944664 0.011979166666666667 0.058300395256917
4 0.3645833333333333 0.2727272727272727 0.011458333333333333 0.05731225296442688
4 0.3854166666666667 0.27865612648221344 0.010416666666666666 0.05533596837944664
4 0.3953125 0.26976284584980237 0.0109375 0.05434782608695652
4 0.49583333333333335 0.26877470355731226 0.017708333333333333 0.06027667984189723
4 0.5255208333333333 0.26679841897233203 0.011458333333333333 0.05533596837944664
4 0.5921875 0.2618577075098814 0.008854166666666666 0.05039525691699605
4 0.634375 0.25395256916996045 0.010416666666666666 0.05237154150197629
0 0.8708333333333333 0.26976284584980237 0.0046875 0.008893280632411068
0 0.6583333333333333 0.2855731225296443 0.003125 0.008893280632411068
1 0.1328125 0.32806324110671936 0.005208333333333333 0.010869565217391304