3 0.5072916666666667 0.5701581027667985 0.033854166666666664 0.2015810276679842
3 0.016666666666666666 0.6541501976284585 0.03177083333333333 0.16403162055335968
3 0.38697916666666665 0.508893280632411 0.036458333333333336 0.15019762845849802
3 0.30416666666666664 0.5098814229249012 0.026041666666666668 0.1541501976284585
3 0.4395833333333333 0.3616600790513834 0.0234375 0.10968379446640317
3 0.33958333333333335 0.41106719367588934 0.0234375 0.10869565217391304
3 0.37916666666666665 0.4140316205533597 0.03177083333333333 0.11264822134387352
3 0.5708333333333333 0.25296442687747034 0.0140625 0.06225296442687747
3 0.41302083333333334 0.31620553359683795 0.015625 0.07608695652173914
3 0.4947916666666667 0.24604743083003952 0.011979166666666667 0.0691699604743083
0 0.9114583333333334 0.29446640316205536 0.0046875 0.011857707509881422
4 0.20364583333333333 0.22826086956521738 0.011458333333333333 0.043478260869565216
0 0.24010416666666667 0.29347826086956524 0.004166666666666667 0.012845849802371542
0 0.8010416666666667 0.23122529644268774 0.0036458333333333334 0.009881422924901186
4 0.21875 0.22529644268774704 0.010416666666666666 0.039525691699604744
0 0.31354166666666666 0.233201581027668 0.0036458333333333334 0.009881422924901186
3 0.2635416666666667 0.8715415019762845 0.07552083333333333 0.2509881422924901
3 0.09739583333333333 0.9812252964426877 0.034375 0.03557312252964427