3 0.134375 0.5365612648221344 0.05260416666666667 0.2015810276679842
3 0.6317708333333333 0.3952569169960474 0.034375 0.16205533596837945
3 0.3651041666666667 0.3142292490118577 0.025 0.14130434782608695
3 0.5416666666666666 0.31225296442687744 0.0234375 0.12450592885375494
3 0.2635416666666667 0.30533596837944665 0.023958333333333335 0.10276679841897234
3 0.5833333333333334 0.274703557312253 0.027604166666666666 0.10177865612648221
3 0.4875 0.2994071146245059 0.022916666666666665 0.09881422924901186
4 0.8583333333333333 0.1907114624505929 0.019270833333333334 0.0691699604743083
4 0.940625 0.19861660079051383 0.018229166666666668 0.07114624505928854
4 0.99375 0.2519762845849802 0.011979166666666667 0.10276679841897234
4 0.9260416666666667 0.17687747035573123 0.013020833333333334 0.06225296442687747
4 0.88125 0.18774703557312253 0.0171875 0.06818181818181818
4 0.20260416666666667 0.1976284584980237 0.014583333333333334 0.07114624505928854
4 0.8239583333333333 0.18774703557312253 0.019791666666666666 0.06521739130434782
3 0.5765625 0.15612648221343872 0.010416666666666666 0.044466403162055336
3 0.4546875 0.16600790513833993 0.0125 0.0533596837944664
3 0.55 0.16798418972332016 0.0109375 0.05039525691699605
4 0.1171875 0.23616600790513834 0.017708333333333333 0.07707509881422925
3 0.5026041666666666 0.15810276679841898 0.009375 0.045454545454545456
4 0.10052083333333334 0.25790513833992096 0.027083333333333334 0.037549407114624504
1 0.8296875 0.22035573122529645 0.00625 0.01383399209486166
3 0.48020833333333335 0.16996047430830039 0.011979166666666667 0.044466403162055336
4 0.1109375 0.2134387351778656 0.015104166666666667 0.08102766798418973
3 0.4708333333333333 0.15711462450592886 0.008333333333333333 0.04841897233201581
0 0.6869791666666667 0.15118577075098813 0.004166666666666667 0.007905138339920948
4 0.09270833333333334 0.23715415019762845 0.013541666666666667 0.07509881422924901
0 0.3416666666666667 0.15316205533596838 0.0036458333333333334 0.007905138339920948
0 0.3692708333333333 0.14031620553359683 0.0036458333333333334 0.007905138339920948