3 0.30416666666666664 0.4624505928853755 0.027604166666666666 0.12648221343873517
3 0.4166666666666667 0.3883399209486166 0.025520833333333333 0.10177865612648221
3 0.525 0.4278656126482213 0.027604166666666666 0.08893280632411067
4 0.8697916666666666 0.2509881422924901 0.016666666666666666 0.07015810276679842
4 0.8395833333333333 0.24703557312252963 0.021354166666666667 0.06620553359683795
4 0.903125 0.2519762845849802 0.016145833333333335 0.06818181818181818
4 0.18541666666666667 0.26383399209486164 0.015625 0.07213438735177866
4 0.9473958333333333 0.23122529644268774 0.015625 0.06126482213438735
3 0.47708333333333336 0.2924901185770751 0.0140625 0.08794466403162056
3 0.446875 0.29446640316205536 0.015104166666666667 0.07707509881422925
4 0.08958333333333333 0.3181818181818182 0.018229166666666668 0.08399209486166008
3 0.4114583333333333 0.25 0.0125 0.06225296442687747
3 0.575 0.3181818181818182 0.017708333333333333 0.09090909090909091
3 0.53125 0.29446640316205536 0.0140625 0.07608695652173914
3 0.49166666666666664 0.24209486166007904 0.011979166666666667 0.06324110671936758
4 0.0625 0.3231225296442688 0.015625 0.08596837944664032
3 0.5104166666666666 0.25296442687747034 0.013020833333333334 0.06818181818181818
3 0.5177083333333333 0.2885375494071146 0.015104166666666667 0.07905138339920949
3 0.5770833333333333 0.26877470355731226 0.016145833333333335 0.06521739130434782
4 0.08541666666666667 0.2816205533596838 0.015625 0.08300395256916997
4 0.8916666666666667 0.26976284584980237 0.016145833333333335 0.07312252964426877
3 0.45729166666666665 0.26679841897233203 0.0140625 0.06620553359683795
3 0.4510416666666667 0.24209486166007904 0.013541666666666667 0.05928853754940711
1 0.846875 0.2875494071146245 0.005729166666666666 0.01383399209486166
0 0.6927083333333334 0.18478260869565216 0.0036458333333333334 0.007905138339920948
0 0.33697916666666666 0.18675889328063242 0.003125 0.007905138339920948
0 0.36614583333333334 0.16699604743083005 0.003125 0.007905138339920948
0 0.6640625 0.1650197628458498 0.003125 0.00691699604743083
4 0.07135416666666666 0.3468379446640316 0.028645833333333332 0.041501976284584984