3 0.6005208333333333 0.8527667984189723 0.0296875 0.07608695652173914
3 0.7911458333333333 0.6600790513833992 0.03177083333333333 0.09288537549407115
3 0.7661458333333333 0.6679841897233202 0.023958333333333335 0.09189723320158102
3 0.6713541666666667 0.5909090909090909 0.024479166666666666 0.0800395256916996
3 0.7348958333333333 0.5632411067193676 0.015625 0.0800395256916996
3 0.721875 0.49703557312252966 0.019270833333333334 0.06620553359683795
3 0.6859375 0.41304347826086957 0.0140625 0.05138339920948617
3 0.6380208333333334 0.4990118577075099 0.01875 0.08102766798418973
3 0.6489583333333333 0.49703557312252966 0.013541666666666667 0.08201581027667984
3 0.5265625 0.4871541501976285 0.015104166666666667 0.07213438735177866
3 0.584375 0.40711462450592883 0.016666666666666666 0.05928853754940711
3 0.425 0.48616600790513836 0.015625 0.06620553359683795
3 0.390625 0.5098814229249012 0.0109375 0.07509881422924901
3 0.31666666666666665 0.6788537549407114 0.01875 0.09782608695652174
4 0.09791666666666667 0.4841897233201581 0.027604166666666666 0.03557312252964427
4 0.13333333333333333 0.44664031620553357 0.011979166666666667 0.06027667984189723
4 0.08541666666666667 0.4090909090909091 0.015104166666666667 0.05533596837944664
4 0.16197916666666667 0.3349802371541502 0.008854166666666666 0.044466403162055336
4 0.7255208333333333 0.3675889328063241 0.010416666666666666 0.04940711462450593
4 0.7885416666666667 0.4367588932806324 0.017708333333333333 0.06620553359683795
4 0.8302083333333333 0.42292490118577075 0.0109375 0.036561264822134384
4 0.8484375 0.4644268774703557 0.010416666666666666 0.07312252964426877
4 0.8875 0.5385375494071146 0.015104166666666667 0.07905138339920949
4 0.8979166666666667 0.5533596837944664 0.015625 0.08399209486166008
4 0.9630208333333333 0.6521739130434783 0.024479166666666666 0.11264822134387352
4 0.9671875 0.6521739130434783 0.022916666666666665 0.09090909090909091
1 0.1828125 0.44762845849802374 0.00625 0.012845849802371542
1 0.7666666666666667 0.45652173913043476 0.00625 0.011857707509881422
0 0.6520833333333333 0.30533596837944665 0.004166666666666667 0.008893280632411068
0 0.6291666666666667 0.274703557312253 0.0036458333333333334 0.007905138339920948
0 0.35 0.2707509881422925 0.004166666666666667 0.007905138339920948
0 0.3229166666666667 0.30335968379446643 0.0036458333333333334 0.007905138339920948