3 0.8453125 0.4762845849802372 0.020833333333333332 0.09782608695652174
3 0.9875 0.5830039525691699 0.025 0.11462450592885376
3 0.7520833333333333 0.49407114624505927 0.01875 0.09387351778656126
3 0.6885416666666667 0.45553359683794464 0.022395833333333334 0.08596837944664032
3 0.63125 0.4199604743083004 0.022395833333333334 0.07213438735177866
3 0.659375 0.4782608695652174 0.017708333333333333 0.09090909090909091
3 0.6375 0.49308300395256915 0.015625 0.08498023715415019
4 0.9072916666666667 0.40217391304347827 0.016145833333333335 0.07213438735177866
4 0.8848958333333333 0.3932806324110672 0.015625 0.07509881422924901
4 0.8614583333333333 0.3952569169960474 0.016145833333333335 0.06719367588932806
4 0.671875 0.33992094861660077 0.011458333333333333 0.06126482213438735
4 0.8484375 0.3883399209486166 0.015625 0.06521739130434782
3 0.9765625 0.4644268774703557 0.029166666666666667 0.10276679841897234
4 0.9661458333333334 0.4031620553359684 0.015625 0.07905138339920949
3 0.38229166666666664 0.33794466403162055 0.016666666666666666 0.05632411067193676
0 0.45416666666666666 0.32707509881422925 0.004166666666666667 0.009881422924901186
0 0.6385416666666667 0.3685770750988142 0.0046875 0.012845849802371542
3 0.3854166666666667 0.325098814229249 0.013020833333333334 0.05632411067193676
2 0.37864583333333335 0.33893280632411066 0.005729166666666666 0.008893280632411068
3 0.9682291666666667 0.43478260869565216 0.0296875 0.07213438735177866