4 0.9895833333333334 0.44762845849802374 0.0203125 0.06719367588932806
4 0.93125 0.4308300395256917 0.0140625 0.06225296442687747
4 0.9020833333333333 0.4278656126482213 0.015104166666666667 0.06719367588932806
4 0.778125 0.3922924901185771 0.017708333333333333 0.05731225296442688
4 0.7255208333333333 0.3557312252964427 0.015625 0.06027667984189723
0 0.115625 0.6877470355731226 0.008333333333333333 0.021739130434782608
0 0.5083333333333333 0.32608695652173914 0.004166666666666667 0.009881422924901186
0 0.6932291666666667 0.38735177865612647 0.004166666666666667 0.011857707509881422
2 0.32864583333333336 0.5207509881422925 0.009375 0.009881422924901186
3 0.3578125 0.4654150197628458 0.0140625 0.07608695652173914
3 0.3703125 0.466403162055336 0.013020833333333334 0.07312252964426877
3 0.5130208333333334 0.4733201581027668 0.015625 0.07015810276679842
3 0.915625 0.6936758893280632 0.028125 0.10573122529644269