3 0.7916666666666666 0.21936758893280633 0.0453125 0.16699604743083005
3 0.5567708333333333 0.23715415019762845 0.0375 0.18280632411067194
3 0.23854166666666668 0.23517786561264822 0.043229166666666666 0.22332015810276679
3 0.03229166666666667 0.24308300395256918 0.0421875 0.17094861660079053
3 0.6802083333333333 0.27865612648221344 0.044270833333333336 0.21640316205533597
3 0.4510416666666667 0.25790513833992096 0.04010416666666667 0.17885375494071146
4 0.9927083333333333 0.14723320158102768 0.014583333333333334 0.09881422924901186
4 0.8817708333333333 0.11857707509881422 0.017708333333333333 0.06719367588932806
4 0.10729166666666666 0.14525691699604742 0.018229166666666668 0.07806324110671936
4 0.8229166666666666 0.116600790513834 0.018229166666666668 0.0691699604743083
4 0.8494791666666667 0.116600790513834 0.014583333333333334 0.07114624505928854
4 0.2015625 0.12450592885375494 0.015625 0.06620553359683795
4 0.9244791666666666 0.11363636363636363 0.014583333333333334 0.06620553359683795
4 0.8635416666666667 0.11956521739130435 0.013020833333333334 0.06719367588932806
4 0.08645833333333333 0.14723320158102768 0.0171875 0.07707509881422925
4 0.09635416666666667 0.1650197628458498 0.019270833333333334 0.037549407114624504
0 0.6864583333333333 0.11067193675889328 0.0036458333333333334 0.00691699604743083
3 0.46458333333333335 0.09683794466403162 0.0078125 0.036561264822134384
3 0.525 0.1007905138339921 0.008333333333333333 0.03458498023715415
3 0.5072916666666667 0.09881422924901186 0.0078125 0.036561264822134384
0 0.340625 0.11363636363636363 0.003125 0.007905138339920948
4 0.9307291666666667 0.1225296442687747 0.020833333333333332 0.07312252964426877
3 0.44583333333333336 0.09881422924901186 0.009375 0.042490118577075096
3 0.48125 0.09980237154150198 0.007291666666666667 0.038537549407114624
1 0.8286458333333333 0.1492094861660079 0.005208333333333333 0.010869565217391304
3 0.4947916666666667 0.1007905138339921 0.0067708333333333336 0.038537549407114624
3 0.5770833333333333 0.09881422924901186 0.0078125 0.03557312252964427
1 0.20052083333333334 0.1541501976284585 0.005208333333333333 0.008893280632411068