4 0.4708333333333333 0.23221343873517786 0.016666666666666666 0.08992094861660078
4 0.46197916666666666 0.22134387351778656 0.01875 0.08596837944664032
4 0.2864583333333333 0.22430830039525693 0.016666666666666666 0.08399209486166008
4 0.2234375 0.22529644268774704 0.0203125 0.07806324110671936
4 0.1515625 0.21739130434782608 0.016666666666666666 0.07707509881422925
4 0.11822916666666666 0.21541501976284586 0.019791666666666666 0.08201581027667984
4 0.09635416666666667 0.22035573122529645 0.021875 0.07114624505928854
4 0.07291666666666667 0.21640316205533597 0.022395833333333334 0.07114624505928854
4 0.04739583333333333 0.22134387351778656 0.016666666666666666 0.07509881422924901
4 0.0234375 0.21739130434782608 0.01875 0.0800395256916996
0 0.8838541666666667 0.28952569169960474 0.00625 0.015810276679841896
0 0.4671875 0.2727272727272727 0.005208333333333333 0.012845849802371542
3 0.5005208333333333 0.2618577075098814 0.021354166666666667 0.09782608695652174
3 0.3692708333333333 0.38735177865612647 0.025520833333333333 0.13636363636363635
2 0.3536458333333333 0.38537549407114624 0.0140625 0.025691699604743084
3 0.3145833333333333 0.39723320158102765 0.03802083333333333 0.1442687747035573
3 0.2755208333333333 0.29347826086956524 0.022395833333333334 0.09980237154150198
3 0.196875 0.3824110671936759 0.022916666666666665 0.13537549407114624
3 0.14739583333333334 0.24703557312252963 0.018229166666666668 0.07905138339920949