3 0.4036458333333333 0.31126482213438733 0.021875 0.11758893280632411
3 0.2046875 0.5237154150197628 0.04895833333333333 0.1650197628458498
3 0.5760416666666667 0.391304347826087 0.0265625 0.1274703557312253
3 0.3260416666666667 0.30335968379446643 0.0203125 0.09090909090909091
3 0.4953125 0.29545454545454547 0.017708333333333333 0.08201581027667984
4 0.8854166666666666 0.2124505928853755 0.021354166666666667 0.06620553359683795
4 0.9927083333333333 0.2845849802371542 0.0140625 0.09881422924901186
3 0.5364583333333334 0.31719367588932806 0.022395833333333334 0.09782608695652174
4 0.959375 0.22529644268774704 0.022916666666666665 0.06719367588932806
4 0.20416666666666666 0.22233201581027667 0.0140625 0.07015810276679842
4 0.9255208333333333 0.1956521739130435 0.013541666666666667 0.06027667984189723
4 0.8239583333333333 0.20948616600790515 0.018229166666666668 0.06422924901185771
3 0.44895833333333335 0.191699604743083 0.0125 0.06225296442687747
4 0.11822916666666666 0.2648221343873518 0.016666666666666666 0.07806324110671936
3 0.55625 0.1956521739130435 0.011979166666666667 0.05138339920948617
3 0.5776041666666667 0.1808300395256917 0.011458333333333333 0.05138339920948617
3 0.5473958333333333 0.2766798418972332 0.01875 0.08893280632411067
4 0.09322916666666667 0.26877470355731226 0.0125 0.07905138339920949
3 0.48802083333333335 0.21047430830039526 0.0125 0.058300395256917
4 0.8510416666666667 0.2134387351778656 0.015104166666666667 0.06719367588932806
4 0.8630208333333333 0.21442687747035574 0.013541666666666667 0.06620553359683795
1 0.8296875 0.2440711462450593 0.005208333333333333 0.011857707509881422
4 0.11145833333333334 0.2341897233201581 0.016145833333333335 0.07707509881422925
3 0.49375 0.18181818181818182 0.010416666666666666 0.042490118577075096
0 0.6869791666666667 0.16403162055335968 0.003125 0.007905138339920948
0 0.34322916666666664 0.16699604743083005 0.0036458333333333334 0.007905138339920948
3 0.47552083333333334 0.17391304347826086 0.009375 0.039525691699604744
2 0.4270833333333333 0.2015810276679842 0.013541666666666667 0.012845849802371542
3 0.46041666666666664 0.18379446640316205 0.008854166666666666 0.04743083003952569
4 0.10208333333333333 0.2875494071146245 0.025 0.038537549407114624