3 0.70625 0.49407114624505927 0.029166666666666667 0.1383399209486166
4 0.00625 0.32707509881422925 0.0125 0.10474308300395258
3 0.4161458333333333 0.25 0.013541666666666667 0.06620553359683795
4 0.14427083333333332 0.24110671936758893 0.016666666666666666 0.06719367588932806
4 0.1765625 0.2391304347826087 0.019270833333333334 0.06126482213438735
3 0.58125 0.2766798418972332 0.0140625 0.0691699604743083
3 0.46927083333333336 0.41699604743083 0.026041666666666668 0.046442687747035576
3 0.45208333333333334 0.325098814229249 0.0171875 0.07806324110671936
3 0.5442708333333334 0.30138339920948615 0.015625 0.08695652173913043
4 0.12708333333333333 0.25296442687747034 0.017708333333333333 0.06719367588932806
4 0.075 0.22332015810276679 0.013020833333333334 0.05731225296442688
3 0.48125 0.2924901185770751 0.016145833333333335 0.07509881422924901
3 0.5057291666666667 0.26383399209486164 0.013541666666666667 0.06324110671936758
4 0.7979166666666667 0.2519762845849802 0.013541666666666667 0.07114624505928854
4 0.8838541666666667 0.2994071146245059 0.015625 0.07806324110671936
4 0.909375 0.30237154150197626 0.015625 0.07608695652173914
3 0.4859375 0.26383399209486164 0.014583333333333334 0.06126482213438735
3 0.5385416666666667 0.25 0.015625 0.058300395256917
3 0.5177083333333333 0.22332015810276679 0.011979166666666667 0.0533596837944664
3 0.465625 0.26679841897233203 0.015104166666666667 0.06521739130434782
3 0.5640625 0.23517786561264822 0.013541666666666667 0.06620553359683795
3 0.5708333333333333 0.23616600790513834 0.013541666666666667 0.06521739130434782
1 0.17083333333333334 0.2756916996047431 0.005729166666666666 0.011857707509881422
0 0.31354166666666666 0.18181818181818182 0.0036458333333333334 0.007905138339920948
4 0.8916666666666667 0.2737154150197628 0.013020833333333334 0.07905138339920949
0 0.6572916666666667 0.18280632411067194 0.0036458333333333334 0.007905138339920948
0 0.340625 0.16304347826086957 0.0036458333333333334 0.00691699604743083
0 0.6307291666666667 0.16600790513833993 0.003125 0.00691699604743083
1 0.7973958333333333 0.2826086956521739 0.0036458333333333334 0.009881422924901186
4 0.12083333333333333 0.24110671936758893 0.011979166666666667 0.06422924901185771
4 0.9005208333333333 0.32806324110671936 0.027083333333333334 0.03260869565217391