3 0.1296875 0.475296442687747 0.06354166666666666 0.15612648221343872
3 0.08125 0.3932806324110672 0.0515625 0.10474308300395258
3 0.23177083333333334 0.44762845849802374 0.05520833333333333 0.1383399209486166
3 0.21875 0.4199604743083004 0.051041666666666666 0.13438735177865613
3 0.2875 0.35375494071146246 0.034895833333333334 0.1007905138339921
4 0.25 0.28952569169960474 0.0171875 0.0741106719367589
4 0.3229166666666667 0.2875494071146245 0.0203125 0.07114624505928854
4 0.21145833333333333 0.2924901185770751 0.020833333333333332 0.0800395256916996
4 0.278125 0.29150197628458496 0.0171875 0.06719367588932806
4 0.8890625 0.2756916996047431 0.020833333333333332 0.058300395256917
4 0.14114583333333333 0.2885375494071146 0.01875 0.07707509881422925
3 0.10625 0.3814229249011858 0.03958333333333333 0.10375494071146245
4 0.6572916666666667 0.2756916996047431 0.015104166666666667 0.0741106719367589
4 0.44479166666666664 0.283596837944664 0.021875 0.06719367588932806
4 0.553125 0.2816205533596838 0.015104166666666667 0.058300395256917
4 0.9239583333333333 0.2737154150197628 0.018229166666666668 0.05138339920948617
0 0.11666666666666667 0.3349802371541502 0.0078125 0.01383399209486166
1 0.7479166666666667 0.3092885375494071 0.0067708333333333336 0.011857707509881422
4 0.6171875 0.2875494071146245 0.021875 0.058300395256917
2 0.9734375 0.12154150197628459 0.0125 0.011857707509881422