3 0.940625 0.5642292490118577 0.03697916666666667 0.10869565217391304
3 0.48125 0.36561264822134387 0.0203125 0.06818181818181818
3 0.6494791666666667 0.44466403162055335 0.019791666666666666 0.07905138339920949
3 0.665625 0.5227272727272727 0.0234375 0.0958498023715415
4 0.7197916666666667 0.35276679841897235 0.013541666666666667 0.06818181818181818
3 0.6885416666666667 0.5039525691699605 0.022916666666666665 0.09881422924901186
3 0.4041666666666667 0.3557312252964427 0.0140625 0.046442687747035576
3 0.6989583333333333 0.4782608695652174 0.0203125 0.09090909090909091
4 0.9890625 0.4278656126482213 0.020833333333333332 0.08300395256916997
4 0.9635416666666666 0.4160079051383399 0.0203125 0.08102766798418973
0 0.6833333333333333 0.38735177865612647 0.0046875 0.011857707509881422
2 0.40260416666666665 0.3616600790513834 0.0046875 0.010869565217391304
0 0.47760416666666666 0.33893280632411066 0.004166666666666667 0.009881422924901186