3 0.9208333333333333 0.6897233201581028 0.07760416666666667 0.22430830039525693
3 0.7572916666666667 0.6363636363636364 0.04635416666666667 0.21541501976284586
3 0.44166666666666665 0.5296442687747036 0.041666666666666664 0.16106719367588934
3 0.521875 0.4733201581027668 0.033854166666666664 0.13932806324110672
3 0.8583333333333333 0.3794466403162055 0.023958333333333335 0.11067193675889328
3 0.6927083333333334 0.34881422924901184 0.025 0.09881422924901186
3 0.5317708333333333 0.3577075098814229 0.019791666666666666 0.12154150197628459
3 0.6135416666666667 0.3448616600790514 0.01875 0.0958498023715415
3 0.6583333333333333 0.29446640316205536 0.022395833333333334 0.07707509881422925
3 0.6270833333333333 0.2885375494071146 0.021354166666666667 0.0800395256916996
3 0.45989583333333334 0.23221343873517786 0.013541666666666667 0.05533596837944664
3 0.525 0.2628458498023715 0.014583333333333334 0.08102766798418973
3 0.5822916666666667 0.2341897233201581 0.013541666666666667 0.05731225296442688
3 0.5302083333333333 0.21047430830039526 0.010416666666666666 0.046442687747035576
0 0.203125 0.233201581027668 0.0046875 0.011857707509881422
0 0.7083333333333334 0.233201581027668 0.004166666666666667 0.010869565217391304
0 0.6598958333333333 0.1966403162055336 0.0036458333333333334 0.008893280632411068