3 0.7791666666666667 0.40810276679841895 0.030729166666666665 0.11067193675889328
3 0.4765625 0.4950592885375494 0.03854166666666667 0.1482213438735178
3 0.4265625 0.4733201581027668 0.028125 0.15810276679841898
3 0.36041666666666666 0.3142292490118577 0.0234375 0.09782608695652174
3 0.7041666666666667 0.3715415019762846 0.024479166666666666 0.11264822134387352
4 0.06822916666666666 0.283596837944664 0.030208333333333334 0.08399209486166008
4 0.03229166666666667 0.28952569169960474 0.025520833333333333 0.08992094861660078
3 0.278125 0.30434782608695654 0.01875 0.08695652173913043
4 0.9229166666666667 0.3102766798418972 0.020833333333333332 0.08992094861660078
3 0.49375 0.283596837944664 0.020833333333333332 0.08794466403162056
3 0.459375 0.19861660079051383 0.016666666666666666 0.042490118577075096
3 0.5765625 0.29150197628458496 0.017708333333333333 0.07312252964426877
3 0.4875 0.1976284584980237 0.0109375 0.044466403162055336
3 0.45729166666666665 0.2727272727272727 0.015104166666666667 0.07312252964426877
3 0.5614583333333333 0.2737154150197628 0.019270833333333334 0.06818181818181818
3 0.4739583333333333 0.29051383399209485 0.021354166666666667 0.07608695652173914
1 0.0625 0.33992094861660077 0.0067708333333333336 0.016798418972332016
0 0.2875 0.1966403162055336 0.0036458333333333334 0.007905138339920948
0 0.6567708333333333 0.17490118577075098 0.003125 0.00691699604743083
0 0.6947916666666667 0.19960474308300397 0.0036458333333333334 0.00691699604743083
1 0.9223958333333333 0.34881422924901184 0.00625 0.014822134387351778
2 0.790625 0.3883399209486166 0.0067708333333333336 0.021739130434782608
3 0.5614583333333333 0.2855731225296443 0.015625 0.0741106719367589
4 0.10260416666666666 0.2440711462450593 0.029166666666666667 0.019762845849802372