4 0.8697916666666666 0.274703557312253 0.0234375 0.10573122529644269
4 0.8713541666666667 0.2618577075098814 0.0234375 0.10375494071146245
4 0.6729166666666667 0.22924901185770752 0.015104166666666667 0.08399209486166008
4 0.6328125 0.21936758893280633 0.019791666666666666 0.07213438735177866
4 0.5713541666666667 0.2025691699604743 0.014583333333333334 0.07114624505928854
4 0.5567708333333333 0.1976284584980237 0.013541666666666667 0.0741106719367589
4 0.53125 0.2015810276679842 0.015104166666666667 0.06126482213438735
4 0.5057291666666667 0.18774703557312253 0.011979166666666667 0.06422924901185771
4 0.49375 0.19466403162055335 0.0125 0.06422924901185771
4 0.4703125 0.18774703557312253 0.0171875 0.06818181818181818
4 0.434375 0.17094861660079053 0.009375 0.06225296442687747
3 0.014583333333333334 0.47035573122529645 0.029166666666666667 0.15612648221343872
0 0.11770833333333333 0.12648221343873517 0.003125 0.00691699604743083
0 0.165625 0.13932806324110672 0.0036458333333333334 0.00691699604743083
1 0.36041666666666666 0.1907114624505929 0.0046875 0.010869565217391304
0 0.8520833333333333 0.3221343873517787 0.005729166666666666 0.016798418972332016
3 0.125 0.24802371541501977 0.0234375 0.08695652173913043
3 0.15677083333333333 0.22727272727272727 0.018229166666666668 0.07905138339920949
3 0.3375 0.18873517786561264 0.016145833333333335 0.07015810276679842
3 0.38177083333333334 0.2648221343873518 0.0234375 0.09090909090909091
3 0.35052083333333334 0.2628458498023715 0.0359375 0.0800395256916996
3 0.4609375 0.21640316205533597 0.016145833333333335 0.0691699604743083
3 0.66875 0.47134387351778656 0.0328125 0.16699604743083005
3 0.6661458333333333 0.31521739130434784 0.025 0.08695652173913043
3 0.675 0.34782608695652173 0.043229166666666666 0.11956521739130435
3 0.7979166666666667 0.3211462450592885 0.04635416666666667 0.1007905138339921
2 0.7734375 0.2994071146245059 0.013541666666666667 0.020750988142292492
3 0.7916666666666666 0.3359683794466403 0.0609375 0.0958498023715415