3 0.3515625 0.8567193675889329 0.021354166666666667 0.07114624505928854
3 0.6588541666666666 0.6818181818181818 0.017708333333333333 0.09881422924901186
3 0.3109375 0.6116600790513834 0.019270833333333334 0.08893280632411067
3 0.24270833333333333 0.5820158102766798 0.027083333333333334 0.08201581027667984
3 0.221875 0.6640316205533597 0.04635416666666667 0.09387351778656126
3 0.21510416666666668 0.6511857707509882 0.0234375 0.09189723320158102
3 0.2875 0.4950592885375494 0.0203125 0.06620553359683795
3 0.35 0.49308300395256915 0.018229166666666668 0.07707509881422925
3 0.42291666666666666 0.48616600790513836 0.017708333333333333 0.06521739130434782
3 0.48072916666666665 0.48023715415019763 0.013541666666666667 0.06818181818181818
3 0.5765625 0.4772727272727273 0.0140625 0.06225296442687747
3 0.60625 0.5 0.014583333333333334 0.07608695652173914
3 0.4088541666666667 0.39920948616600793 0.011458333333333333 0.058300395256917
3 0.3703125 0.3883399209486166 0.015625 0.04940711462450593
4 0.9010416666666666 0.48221343873517786 0.029166666666666667 0.03359683794466403
4 0.8661458333333333 0.44466403162055335 0.011979166666666667 0.06225296442687747
4 0.9067708333333333 0.40810276679841895 0.013541666666666667 0.05533596837944664
4 0.8375 0.33201581027667987 0.009375 0.042490118577075096
4 0.26875 0.3715415019762846 0.009895833333333333 0.05237154150197629
4 0.20416666666666666 0.4407114624505929 0.0125 0.06620553359683795
4 0.1703125 0.42193675889328064 0.0109375 0.03458498023715415
4 0.1515625 0.4624505928853755 0.0109375 0.07114624505928854
4 0.11197916666666667 0.5365612648221344 0.016666666666666666 0.07905138339920949
4 0.1015625 0.5523715415019763 0.017708333333333333 0.08399209486166008
4 0.0546875 0.6373517786561265 0.028125 0.10770750988142293
4 0.0359375 0.6343873517786561 0.019791666666666666 0.07806324110671936
4 0.05260416666666667 0.6284584980237155 0.0296875 0.08102766798418973
1 0.8166666666666667 0.44565217391304346 0.005729166666666666 0.012845849802371542
1 0.2328125 0.45553359683794464 0.005729166666666666 0.01383399209486166
0 0.34739583333333335 0.30335968379446643 0.004166666666666667 0.00691699604743083
0 0.37083333333333335 0.2727272727272727 0.004166666666666667 0.00691699604743083
0 0.65 0.26877470355731226 0.004166666666666667 0.007905138339920948
0 0.6770833333333334 0.30138339920948615 0.004166666666666667 0.008893280632411068