4 0.041666666666666664 0.4535573122529644 0.021354166666666667 0.06225296442687747
4 0.07760416666666667 0.44960474308300397 0.0203125 0.06521739130434782
4 0.1921875 0.40711462450592883 0.015104166666666667 0.06521739130434782
4 0.2557291666666667 0.37450592885375494 0.0140625 0.05632411067193676
2 0.64375 0.5434782608695652 0.008854166666666666 0.010869565217391304
0 0.8473958333333333 0.7164031620553359 0.008333333333333333 0.019762845849802372
0 0.9947916666666666 0.5177865612648221 0.005729166666666666 0.014822134387351778
0 0.47604166666666664 0.3409090909090909 0.0036458333333333334 0.010869565217391304
0 0.2875 0.4051383399209486 0.0036458333333333334 0.010869565217391304
3 0.10104166666666667 0.6976284584980237 0.019270833333333334 0.10177865612648221
3 0.6380208333333334 0.4792490118577075 0.021875 0.07213438735177866
3 0.59375 0.4891304347826087 0.021875 0.07213438735177866
3 0.4864583333333333 0.4851778656126482 0.016666666666666666 0.06620553359683795