3 0.8895833333333333 0.4614624505928854 0.049479166666666664 0.12450592885375494
3 0.49583333333333335 0.3883399209486166 0.0296875 0.11462450592885376
3 0.8114583333333333 0.41304347826086957 0.0328125 0.13142292490118576
4 0.9526041666666667 0.3349802371541502 0.022916666666666665 0.09683794466403162
4 0.011458333333333333 0.30434782608695654 0.022916666666666665 0.08992094861660078
3 0.4427083333333333 0.2628458498023715 0.019270833333333334 0.07213438735177866
3 0.7005208333333334 0.2865612648221344 0.020833333333333332 0.07213438735177866
3 0.5546875 0.36363636363636365 0.025 0.10276679841897234
3 0.4979166666666667 0.25691699604743085 0.015625 0.07707509881422925
3 0.5796875 0.20948616600790515 0.0125 0.05237154150197629
3 0.615625 0.233201581027668 0.0140625 0.06126482213438735
3 0.5552083333333333 0.2875494071146245 0.0171875 0.08596837944664032
3 0.6697916666666667 0.23122529644268774 0.0140625 0.06027667984189723
3 0.6489583333333333 0.28952569169960474 0.0140625 0.06324110671936758
3 0.6458333333333334 0.22826086956521738 0.0140625 0.04940711462450593
4 0.059375 0.25296442687747034 0.028645833333333332 0.017786561264822136
0 0.2682291666666667 0.2015810276679842 0.004166666666666667 0.008893280632411068
0 0.3104166666666667 0.17490118577075098 0.003125 0.00691699604743083
0 0.6953125 0.20355731225296442 0.0036458333333333334 0.007905138339920948
0 0.65625 0.17687747035573123 0.0036458333333333334 0.007905138339920948
1 0.953125 0.3774703557312253 0.0067708333333333336 0.015810276679841896
3 0.646875 0.30237154150197626 0.03125 0.07312252964426877
2 0.7578125 0.25395256916996045 0.011458333333333333 0.009881422924901186