3 0.5020833333333333 0.4515810276679842 0.034895833333333334 0.08992094861660078
3 0.7505208333333333 0.42292490118577075 0.03125 0.08695652173913043
3 0.5546875 0.43774703557312256 0.026041666666666668 0.0800395256916996
3 0.8427083333333333 0.3883399209486166 0.03177083333333333 0.0741106719367589
3 0.796875 0.42193675889328064 0.024479166666666666 0.08596837944664032
3 0.709375 0.3893280632411067 0.018229166666666668 0.07213438735177866
3 0.46770833333333334 0.358695652173913 0.013541666666666667 0.06126482213438735
3 0.490625 0.3339920948616601 0.0125 0.05632411067193676
3 0.6109375 0.3577075098814229 0.016666666666666666 0.06818181818181818
3 0.640625 0.40711462450592883 0.021354166666666667 0.07806324110671936
3 0.6291666666666667 0.37648221343873517 0.0203125 0.06620553359683795
4 0.7354166666666667 0.31719367588932806 0.013020833333333334 0.05039525691699605
3 0.6416666666666667 0.34782608695652173 0.0171875 0.05632411067193676
3 0.64375 0.3705533596837945 0.016666666666666666 0.06126482213438735
0 0.43333333333333335 0.30632411067193677 0.004166666666666667 0.007905138339920948
1 0.971875 0.3824110671936759 0.005208333333333333 0.009881422924901186
0 0.2947916666666667 0.2865612648221344 0.003125 0.007905138339920948
1 0.8317708333333333 0.8270750988142292 0.0140625 0.03260869565217391
4 0.7708333333333334 0.32707509881422925 0.0109375 0.0533596837944664