3 0.19270833333333334 0.41699604743083 0.03802083333333333 0.1383399209486166
3 0.10520833333333333 0.47134387351778656 0.04791666666666667 0.12549407114624506
3 0.49895833333333334 0.39031620553359686 0.027083333333333334 0.12450592885375494
4 0.0453125 0.33794466403162055 0.022916666666666665 0.09980237154150198
3 0.43333333333333335 0.3616600790513834 0.023958333333333335 0.10770750988142293
3 0.4942708333333333 0.25592885375494073 0.022916666666666665 0.07509881422924901
3 0.54375 0.2598814229249012 0.0140625 0.06719367588932806
3 0.44479166666666664 0.29446640316205536 0.016666666666666666 0.09881422924901186
3 0.39166666666666666 0.23023715415019763 0.014583333333333334 0.058300395256917
3 0.428125 0.20553359683794467 0.011458333333333333 0.05533596837944664
3 0.32135416666666666 0.30335968379446643 0.019270833333333334 0.07015810276679842
3 0.2796875 0.274703557312253 0.017708333333333333 0.08201581027667984
3 0.32083333333333336 0.23715415019762845 0.0171875 0.06126482213438735
3 0.34270833333333334 0.23715415019762845 0.017708333333333333 0.05138339920948617
0 0.734375 0.2025691699604743 0.0036458333333333334 0.008893280632411068
3 0.33541666666666664 0.2924901185770751 0.015625 0.07509881422924901
0 0.6927083333333334 0.17490118577075098 0.0036458333333333334 0.00691699604743083
0 0.34427083333333336 0.17687747035573123 0.004166666666666667 0.007905138339920948
4 0.9473958333333333 0.25592885375494073 0.0359375 0.021739130434782608
2 0.29010416666666666 0.20948616600790515 0.008854166666666666 0.007905138339920948
1 0.04479166666666667 0.3814229249011858 0.005729166666666666 0.01383399209486166