4 0.9791666666666666 0.7549407114624506 0.04114583333333333 0.24110671936758893
3 0.23229166666666667 0.5148221343873518 0.034375 0.0958498023715415
3 0.4244791666666667 0.4772727272727273 0.03125 0.08794466403162056
3 0.5421875 0.41798418972332013 0.026041666666666668 0.06818181818181818
3 0.06666666666666667 0.44762845849802374 0.030729166666666665 0.08695652173913043
3 0.190625 0.532608695652174 0.0296875 0.10869565217391304
3 0.2953125 0.4090909090909091 0.023958333333333335 0.0691699604743083
3 0.48854166666666665 0.4614624505928854 0.021354166666666667 0.07806324110671936
3 0.3927083333333333 0.4061264822134387 0.015625 0.0691699604743083
3 0.12083333333333333 0.6126482213438735 0.03802083333333333 0.12351778656126482
3 0.4791666666666667 0.4031620553359684 0.0265625 0.07213438735177866
3 0.0984375 0.5978260869565217 0.03854166666666667 0.1324110671936759
4 0.14895833333333333 0.3774703557312253 0.015104166666666667 0.07114624505928854
4 0.3697916666666667 0.3468379446640316 0.011979166666666667 0.06225296442687747
4 0.33645833333333336 0.35276679841897235 0.014583333333333334 0.06225296442687747
3 0.715625 0.3231225296442688 0.013541666666666667 0.05138339920948617
4 0.5291666666666667 0.31126482213438733 0.0109375 0.05434782608695652
3 0.7036458333333333 0.32806324110671936 0.013541666666666667 0.04940711462450593
4 0.26927083333333335 0.36363636363636365 0.0125 0.06719367588932806
4 0.27708333333333335 0.3606719367588933 0.013020833333333334 0.06422924901185771
4 0.20364583333333333 0.3804347826086957 0.011458333333333333 0.058300395256917
2 0.7041666666666667 0.2816205533596838 0.007291666666666667 0.007905138339920948
4 0.44635416666666666 0.3310276679841897 0.0125 0.04940711462450593
4 0.4083333333333333 0.33893280632411066 0.015104166666666667 0.05039525691699605
1 0.07239583333333334 0.4397233201581028 0.0067708333333333336 0.012845849802371542
4 0.38125 0.34288537549407117 0.011979166666666667 0.05434782608695652
0 0.5604166666666667 0.33695652173913043 0.0046875 0.010869565217391304