3 0.7083333333333334 0.5365612648221344 0.07708333333333334 0.13636363636363635
3 0.540625 0.4041501976284585 0.03802083333333333 0.10770750988142293
3 0.6479166666666667 0.4298418972332016 0.04114583333333333 0.11857707509881422
3 0.5848958333333333 0.4189723320158103 0.036458333333333336 0.11067193675889328
3 0.4609375 0.3557312252964427 0.025 0.08300395256916997
4 0.4010416666666667 0.2865612648221344 0.016145833333333335 0.07312252964426877
4 0.303125 0.29545454545454547 0.015104166666666667 0.07114624505928854
4 0.09270833333333334 0.30434782608695654 0.018229166666666668 0.07312252964426877
4 0.3390625 0.29545454545454547 0.015625 0.07213438735177866
2 0.7458333333333333 0.5009881422924901 0.018229166666666668 0.02766798418972332
4 0.12083333333333333 0.3073122529644269 0.016145833333333335 0.0741106719367589
4 0.27708333333333335 0.2994071146245059 0.016145833333333335 0.06620553359683795
4 0.2296875 0.30138339920948615 0.016666666666666666 0.07312252964426877
3 0.5645833333333333 0.3606719367588933 0.026041666666666668 0.09288537549407115
0 0.7114583333333333 0.308300395256917 0.005208333333333333 0.009881422924901186
3 0.5770833333333333 0.3695652173913043 0.025520833333333333 0.08399209486166008
0 0.421875 0.3241106719367589 0.005208333333333333 0.010869565217391304