3 0.675 0.6205533596837944 0.035416666666666666 0.13339920948616601
3 0.7588541666666667 0.6057312252964426 0.0375 0.12154150197628459
3 0.39166666666666666 0.5079051383399209 0.033854166666666664 0.09189723320158102
3 0.5583333333333333 0.4950592885375494 0.027083333333333334 0.0958498023715415
3 0.33645833333333336 0.47035573122529645 0.03229166666666667 0.09189723320158102
3 0.2526041666666667 0.5148221343873518 0.03125 0.09288537549407115
3 0.014583333333333334 0.44960474308300397 0.027083333333333334 0.08992094861660078
3 0.49270833333333336 0.49604743083003955 0.026041666666666668 0.09189723320158102
3 0.6125 0.4189723320158103 0.019270833333333334 0.08102766798418973
3 0.2677083333333333 0.4743083003952569 0.025520833333333333 0.08102766798418973
3 0.475 0.41205533596837945 0.0203125 0.0691699604743083
4 0.2947916666666667 0.358695652173913 0.014583333333333334 0.06620553359683795
3 0.5645833333333333 0.4160079051383399 0.020833333333333332 0.07905138339920949
3 0.4322916666666667 0.4199604743083004 0.0203125 0.07114624505928854
4 0.4125 0.3547430830039526 0.013020833333333334 0.06620553359683795
4 0.19791666666666666 0.35375494071146246 0.0140625 0.06324110671936758
4 0.10520833333333333 0.35079051383399207 0.014583333333333334 0.05632411067193676
4 0.36354166666666665 0.36561264822134387 0.0140625 0.0533596837944664
4 0.23489583333333333 0.3547430830039526 0.016666666666666666 0.06422924901185771
4 0.7083333333333334 0.383399209486166 0.011979166666666667 0.06620553359683795
4 0.18645833333333334 0.3557312252964427 0.013020833333333334 0.06027667984189723
4 0.6760416666666667 0.3804347826086957 0.013020833333333334 0.06620553359683795
4 0.134375 0.3567193675889328 0.020833333333333332 0.05138339920948617
4 0.6921875 0.37549407114624506 0.0125 0.06126482213438735
2 0.17395833333333333 0.22233201581027667 0.009375 0.007905138339920948