2 0.0921875 0.7124505928853755 0.013020833333333334 0.022727272727272728
3 0.11770833333333333 0.6511857707509882 0.028645833333333332 0.09090909090909091
3 0.19010416666666666 0.6363636363636364 0.026041666666666668 0.09288537549407115
3 0.2453125 0.6393280632411067 0.019270833333333334 0.10573122529644269
3 0.23489583333333333 0.5889328063241107 0.029166666666666667 0.09782608695652174
3 0.09635416666666667 0.5770750988142292 0.026041666666666668 0.09387351778656126
3 0.2526041666666667 0.43478260869565216 0.015625 0.06620553359683795
3 0.39947916666666666 0.44664031620553357 0.019791666666666666 0.07806324110671936
3 0.4953125 0.4041501976284585 0.013020833333333334 0.0691699604743083
3 0.43072916666666666 0.3577075098814229 0.011979166666666667 0.05928853754940711
3 0.4005208333333333 0.33794466403162055 0.011979166666666667 0.05731225296442688
3 0.6354166666666666 0.424901185770751 0.0125 0.06225296442687747
3 0.634375 0.38735177865612647 0.011979166666666667 0.04940711462450593
3 0.6098958333333333 0.633399209486166 0.016666666666666666 0.09683794466403162
3 0.16197916666666667 0.8349802371541502 0.035416666666666666 0.13142292490118576
4 0.9020833333333333 0.41304347826086957 0.029166666666666667 0.03458498023715415
4 0.8661458333333333 0.3774703557312253 0.021875 0.058300395256917
4 0.85625 0.3409090909090909 0.013541666666666667 0.05632411067193676
4 0.8401041666666667 0.2628458498023715 0.009375 0.045454545454545456
4 0.22916666666666666 0.3339920948616601 0.013541666666666667 0.05731225296442688
4 0.1828125 0.3932806324110672 0.018229166666666668 0.0741106719367589
4 0.1515625 0.3952569169960474 0.0109375 0.07114624505928854
4 0.16979166666666667 0.35375494071146246 0.0125 0.03557312252964427
4 0.1140625 0.47035573122529645 0.016145833333333335 0.07707509881422925
4 0.10364583333333334 0.49209486166007904 0.020833333333333332 0.09387351778656126
4 0.03958333333333333 0.5681818181818182 0.021354166666666667 0.07509881422924901
4 0.0859375 0.5138339920948617 0.01875 0.07806324110671936
1 0.8177083333333334 0.3774703557312253 0.005208333333333333 0.012845849802371542
1 0.2328125 0.38735177865612647 0.005729166666666666 0.01383399209486166
0 0.3458333333333333 0.233201581027668 0.0046875 0.009881422924901186
0 0.3692708333333333 0.2015810276679842 0.0036458333333333334 0.007905138339920948
0 0.6510416666666666 0.1976284584980237 0.0036458333333333334 0.007905138339920948
0 0.6786458333333333 0.23023715415019763 0.004166666666666667 0.008893280632411068