4 0.9953125 0.3191699604743083 0.008854166666666666 0.12154150197628459
4 0.7541666666666667 0.24604743083003952 0.019791666666666666 0.0958498023715415
4 0.7302083333333333 0.2381422924901186 0.0140625 0.08201581027667984
4 0.6645833333333333 0.2124505928853755 0.0140625 0.07608695652173914
4 0.6317708333333333 0.20553359683794467 0.0140625 0.0800395256916996
4 0.6171875 0.208498023715415 0.015625 0.07114624505928854
4 0.5963541666666666 0.19367588932806323 0.014583333333333334 0.06620553359683795
4 0.5822916666666667 0.2015810276679842 0.016145833333333335 0.07015810276679842
4 0.5645833333333333 0.1907114624505929 0.0140625 0.07707509881422925
4 0.5270833333333333 0.17292490118577075 0.008333333333333333 0.06620553359683795
0 0.9822916666666667 0.37450592885375494 0.007291666666666667 0.019762845849802372
0 0.2786458333333333 0.13339920948616601 0.0036458333333333334 0.00691699604743083
0 0.23854166666666668 0.11956521739130435 0.0026041666666666665 0.005928853754940711
2 0.10364583333333334 0.03260869565217391 0.007291666666666667 0.007905138339920948
3 0.14635416666666667 0.15711462450592886 0.011979166666666667 0.04841897233201581
3 0.16145833333333334 0.15217391304347827 0.013020833333333334 0.05434782608695652
3 0.0484375 0.20355731225296442 0.024479166666666666 0.0691699604743083
3 0.2125 0.24308300395256918 0.018229166666666668 0.08399209486166008
3 0.2911458333333333 0.21640316205533597 0.014583333333333334 0.07114624505928854
3 0.3140625 0.24308300395256918 0.019791666666666666 0.08992094861660078
3 0.4578125 0.19861660079051383 0.016666666666666666 0.06521739130434782
3 0.21979166666666666 0.4851778656126482 0.04114583333333333 0.16897233201581027
3 0.6744791666666666 0.2964426877470356 0.025 0.10375494071146245
3 0.6723958333333333 0.3142292490118577 0.03125 0.11067193675889328
3 0.7776041666666667 0.2816205533596838 0.0234375 0.0958498023715415
3 0.7875 0.38636363636363635 0.035416666666666666 0.14031620553359683
3 0.9338541666666667 0.3359683794466403 0.040625 0.1274703557312253