4 0.95 0.841897233201581 0.05625 0.208498023715415
4 0.8822916666666667 0.7272727272727273 0.043229166666666666 0.1808300395256917
4 0.9166666666666666 0.6768774703557312 0.03802083333333333 0.1650197628458498
4 0.94375 0.5563241106719368 0.029166666666666667 0.11956521739130435
4 0.8947916666666667 0.5454545454545454 0.027083333333333334 0.12450592885375494
4 0.00625 0.33794466403162055 0.0125 0.08695652173913043
4 0.021875 0.3359683794466403 0.0203125 0.0741106719367589
4 0.034375 0.31719367588932806 0.01875 0.07114624505928854
4 0.0703125 0.3181818181818182 0.016145833333333335 0.06620553359683795
4 0.08697916666666666 0.31719367588932806 0.017708333333333333 0.0533596837944664
4 0.13125 0.31126482213438733 0.0234375 0.05533596837944664
4 0.18645833333333334 0.2845849802371542 0.016145833333333335 0.06422924901185771
4 0.2375 0.2707509881422925 0.015104166666666667 0.06719367588932806
4 0.27447916666666666 0.25790513833992096 0.009375 0.05928853754940711
4 0.31979166666666664 0.23715415019762845 0.0125 0.05731225296442688
2 0.2994791666666667 0.2450592885375494 0.0109375 0.009881422924901186
0 0.9796875 0.38537549407114624 0.00625 0.016798418972332016
0 0.49583333333333335 0.21541501976284586 0.004166666666666667 0.009881422924901186
0 0.3572916666666667 0.2628458498023715 0.003125 0.009881422924901186
3 0.3619791666666667 0.2727272727272727 0.013541666666666667 0.06521739130434782
3 0.2677083333333333 0.28063241106719367 0.016145833333333335 0.05434782608695652
3 0.36041666666666666 0.3409090909090909 0.016145833333333335 0.08992094861660078
3 0.3807291666666667 0.3310276679841897 0.016666666666666666 0.07905138339920949
3 0.45208333333333334 0.24308300395256918 0.017708333333333333 0.05237154150197629
3 0.5744791666666667 0.22134387351778656 0.017708333333333333 0.046442687747035576
3 0.5989583333333334 0.24011857707509882 0.013020833333333334 0.046442687747035576
3 0.6510416666666666 0.26679841897233203 0.016666666666666666 0.06324110671936758
3 0.5640625 0.2391304347826087 0.0125 0.037549407114624504
3 0.5697916666666667 0.26877470355731226 0.009375 0.05632411067193676
3 0.5578125 0.2618577075098814 0.0125 0.05632411067193676
3 0.5166666666666667 0.24011857707509882 0.0125 0.05237154150197629
3 0.5203125 0.2974308300395257 0.011458333333333333 0.06818181818181818
3 0.49166666666666664 0.2845849802371542 0.013020833333333334 0.07509881422924901