4 0.26979166666666665 0.2381422924901186 0.01875 0.07509881422924901
4 0.2630208333333333 0.2618577075098814 0.021354166666666667 0.1007905138339921
4 0.4588541666666667 0.23221343873517786 0.0234375 0.08596837944664032
4 0.5104166666666666 0.22727272727272727 0.017708333333333333 0.07213438735177866
4 0.5796875 0.21146245059288538 0.018229166666666668 0.07707509881422925
4 0.6083333333333333 0.20652173913043478 0.016666666666666666 0.07509881422924901
4 0.6244791666666667 0.208498023715415 0.016666666666666666 0.05731225296442688
4 0.6473958333333333 0.20553359683794467 0.014583333333333334 0.06521739130434782
4 0.6630208333333333 0.20948616600790515 0.0140625 0.07312252964426877
4 0.68125 0.20454545454545456 0.01875 0.07608695652173914
4 0.7453125 0.18774703557312253 0.015104166666666667 0.07015810276679842
0 0.271875 0.3073122529644269 0.005729166666666666 0.016798418972332016
3 0.2838541666666667 0.30138339920948615 0.026041666666666668 0.11067193675889328
3 0.45677083333333335 0.4278656126482213 0.028645833333333332 0.14723320158102768
3 0.4864583333333333 0.43280632411067194 0.03229166666666667 0.14525691699604742
3 0.5317708333333333 0.3409090909090909 0.028125 0.11264822134387352
3 0.5880208333333333 0.383399209486166 0.03697916666666667 0.15019762845849802
3 0.6234375 0.2440711462450593 0.0203125 0.0741106719367589
3 0.7244791666666667 0.20948616600790515 0.0125 0.08201581027667984
3 0.8067708333333333 0.30632411067193677 0.030208333333333334 0.11758893280632411
3 0.9036458333333334 0.2608695652173913 0.021875 0.08992094861660078
1 0.8338541666666667 0.21541501976284586 0.005208333333333333 0.010869565217391304