3 0.5328125 0.8478260869565217 0.022395833333333334 0.08399209486166008
3 0.7682291666666666 0.6492094861660079 0.028125 0.08893280632411067
3 0.671875 0.658102766798419 0.025 0.09288537549407115
3 0.6880208333333333 0.5820158102766798 0.03697916666666667 0.07114624505928854
3 0.6552083333333333 0.5859683794466403 0.022395833333333334 0.08300395256916997
3 0.7640625 0.5484189723320159 0.022916666666666665 0.07806324110671936
3 0.7380208333333333 0.5148221343873518 0.016145833333333335 0.06818181818181818
3 0.2869791666666667 0.6966403162055336 0.025520833333333333 0.0958498023715415
3 0.37395833333333334 0.4980237154150198 0.019791666666666666 0.07114624505928854
3 0.4578125 0.4733201581027668 0.015104166666666667 0.06027667984189723
3 0.5270833333333333 0.4881422924901186 0.018229166666666668 0.07213438735177866
3 0.5807291666666666 0.41106719367588934 0.0109375 0.058300395256917
3 0.628125 0.48320158102766797 0.020833333333333332 0.07312252964426877
3 0.7265625 0.45454545454545453 0.013541666666666667 0.05928853754940711
4 0.09791666666666667 0.4841897233201581 0.028645833333333332 0.03458498023715415
4 0.13177083333333334 0.44861660079051385 0.0140625 0.06225296442687747
4 0.0828125 0.41007905138339923 0.017708333333333333 0.05632411067193676
4 0.1625 0.3349802371541502 0.009895833333333333 0.042490118577075096
4 0.9692708333333333 0.6739130434782609 0.034375 0.12648221343873517
4 0.9640625 0.6353754940711462 0.0234375 0.07905138339920949
4 0.9875 0.6758893280632411 0.023958333333333335 0.09683794466403162
4 0.8973958333333333 0.5533596837944664 0.017708333333333333 0.08399209486166008
4 0.8869791666666667 0.5395256916996047 0.015104166666666667 0.07806324110671936
4 0.8484375 0.4654150197628458 0.010416666666666666 0.0741106719367589
4 0.8296875 0.424901185770751 0.0125 0.038537549407114624
4 0.7828125 0.43379446640316205 0.017708333333333333 0.06422924901185771
4 0.7208333333333333 0.36264822134387353 0.009895833333333333 0.04841897233201581
1 0.18229166666666666 0.44861660079051385 0.0067708333333333336 0.01383399209486166
1 0.7671875 0.45849802371541504 0.00625 0.014822134387351778
0 0.6520833333333333 0.3073122529644269 0.004166666666666667 0.009881422924901186
0 0.6291666666666667 0.2756916996047431 0.004166666666666667 0.008893280632411068
0 0.3494791666666667 0.2717391304347826 0.004166666666666667 0.007905138339920948
0 0.3223958333333333 0.30434782608695654 0.0046875 0.010869565217391304