4 0.9364583333333333 0.7055335968379447 0.03802083333333333 0.17687747035573123
3 0.28541666666666665 0.4634387351778656 0.04010416666666667 0.07806324110671936
3 0.41041666666666665 0.3952569169960474 0.0234375 0.06620553359683795
3 0.2421875 0.3685770750988142 0.015625 0.06521739130434782
3 0.21458333333333332 0.466403162055336 0.028645833333333332 0.08992094861660078
3 0.028125 0.4209486166007905 0.022395833333333334 0.07608695652173914
3 0.42552083333333335 0.3359683794466403 0.0109375 0.05434782608695652
3 0.43645833333333334 0.39031620553359686 0.021354166666666667 0.06620553359683795
3 0.21041666666666667 0.3685770750988142 0.0140625 0.05632411067193676
3 0.053125 0.4407114624505929 0.0296875 0.08695652173913043
3 0.21458333333333332 0.41798418972332013 0.0296875 0.07114624505928854
3 0.1140625 0.41106719367588934 0.03333333333333333 0.07114624505928854
3 0.090625 0.4031620553359684 0.0265625 0.07015810276679842
4 0.2916666666666667 0.3211462450592885 0.013020833333333334 0.05039525691699605
0 0.5963541666666666 0.3142292490118577 0.004166666666666667 0.007905138339920948
3 0.07083333333333333 0.4505928853754941 0.025520833333333333 0.0958498023715415
4 0.259375 0.3231225296442688 0.0140625 0.05533596837944664
1 0.011458333333333333 0.8102766798418972 0.011979166666666667 0.03458498023715415
0 0.7479166666666667 0.2984189723320158 0.003125 0.007905138339920948
3 0.42916666666666664 0.34288537549407117 0.021354166666666667 0.04841897233201581
4 0.2526041666666667 0.3290513833992095 0.009375 0.0533596837944664
1 0.059895833333333336 0.37648221343873517 0.0046875 0.009881422924901186