4 0.971875 0.6907114624505929 0.0359375 0.17391304347826086
3 0.4161458333333333 0.3922924901185771 0.016666666666666666 0.0691699604743083
3 0.3067708333333333 0.4673913043478261 0.023958333333333335 0.08794466403162056
3 0.27395833333333336 0.46047430830039526 0.021875 0.09683794466403162
3 0.115625 0.44367588932806323 0.0234375 0.09782608695652174
3 0.0203125 0.4140316205533597 0.020833333333333332 0.07015810276679842
3 0.0984375 0.43478260869565216 0.023958333333333335 0.08992094861660078
3 0.47239583333333335 0.3824110671936759 0.020833333333333332 0.05632411067193676
3 0.24583333333333332 0.41205533596837945 0.024479166666666666 0.07213438735177866
3 0.259375 0.36363636363636365 0.021875 0.06620553359683795
3 0.1890625 0.3952569169960474 0.030729166666666665 0.06818181818181818
3 0.4583333333333333 0.34288537549407117 0.023958333333333335 0.05434782608695652
4 0.29322916666666665 0.3191699604743083 0.0125 0.05138339920948617
4 0.26197916666666665 0.3181818181818182 0.0125 0.05039525691699605
0 0.5973958333333333 0.3102766798418972 0.004166666666666667 0.007905138339920948
0 0.7458333333333333 0.29446640316205536 0.0036458333333333334 0.007905138339920948
1 0.06458333333333334 0.37549407114624506 0.005208333333333333 0.010869565217391304
4 0.2552083333333333 0.3241106719367589 0.009895833333333333 0.046442687747035576
3 0.196875 0.39920948616600793 0.020833333333333332 0.07114624505928854