4 0.5625 0.7381422924901185 0.04114583333333333 0.14624505928853754
4 0.34739583333333335 0.825098814229249 0.05677083333333333 0.12944664031620554
4 0.2203125 0.8557312252964426 0.051041666666666666 0.18181818181818182
4 0.0421875 0.808300395256917 0.05260416666666667 0.1492094861660079
4 0.03125 0.9219367588932806 0.0625 0.10474308300395258
4 0.278125 0.26877470355731226 0.011458333333333333 0.05731225296442688
4 0.37552083333333336 0.2717391304347826 0.009375 0.05928853754940711
4 0.3927083333333333 0.2727272727272727 0.010416666666666666 0.05632411067193676
4 0.41822916666666665 0.2648221343873518 0.0109375 0.05237154150197629
4 0.43697916666666664 0.26976284584980237 0.0125 0.05039525691699605
4 0.446875 0.26383399209486164 0.0109375 0.0533596837944664
4 0.48125 0.2766798418972332 0.021354166666666667 0.040513833992094864
4 0.5479166666666667 0.26778656126482214 0.013020833333333334 0.05731225296442688
4 0.5791666666666667 0.26778656126482214 0.015104166666666667 0.05731225296442688
4 0.6484375 0.2628458498023715 0.011458333333333333 0.05039525691699605
4 0.6916666666666667 0.25790513833992096 0.0125 0.05632411067193676
1 0.19895833333333332 0.3073122529644269 0.004166666666666667 0.009881422924901186
0 0.7151041666666667 0.29051383399209485 0.004166666666666667 0.009881422924901186
0 0.9536458333333333 0.2845849802371542 0.004166666666666667 0.009881422924901186
3 0.45989583333333334 0.2875494071146245 0.021875 0.05533596837944664
3 0.5291666666666667 0.2994071146245059 0.019791666666666666 0.0533596837944664
3 0.5286458333333334 0.3201581027667984 0.018229166666666668 0.06324110671936758
3 0.4947916666666667 0.3290513833992095 0.017708333333333333 0.06818181818181818
3 0.4588541666666667 0.3606719367588933 0.022916666666666665 0.08300395256916997
3 0.365625 0.39723320158102765 0.0171875 0.0800395256916996
3 0.6942708333333333 0.3211462450592885 0.019791666666666666 0.06324110671936758
3 0.7927083333333333 0.3132411067193676 0.019270833333333334 0.0533596837944664
3 0.8151041666666666 0.31719367588932806 0.019270833333333334 0.058300395256917
3 0.8963541666666667 0.32608695652173914 0.015625 0.05632411067193676
3 0.9598958333333333 0.3458498023715415 0.015104166666666667 0.06620553359683795
3 0.8010416666666667 0.3952569169960474 0.021875 0.0800395256916996
3 0.7692708333333333 0.4624505928853755 0.03333333333333333 0.0800395256916996
3 0.8041666666666667 0.5602766798418972 0.04375 0.11561264822134387