4 0.146875 0.5642292490118577 0.029166666666666667 0.12351778656126482
4 0.09635416666666667 0.599802371541502 0.030729166666666665 0.12450592885375494
4 0.14427083333333332 0.7025691699604744 0.04375 0.1551383399209486
4 0.18854166666666666 0.7490118577075099 0.0359375 0.16897233201581027
4 0.1453125 0.8932806324110671 0.0515625 0.2015810276679842
4 0.9890625 0.34288537549407117 0.015625 0.08102766798418973
4 0.9734375 0.3409090909090909 0.01875 0.07509881422924901
4 0.959375 0.3221343873517787 0.01875 0.07015810276679842
4 0.9255208333333333 0.3221343873517787 0.015625 0.06422924901185771
4 0.9104166666666667 0.3201581027667984 0.017708333333333333 0.04841897233201581
4 0.8651041666666667 0.3142292490118577 0.019791666666666666 0.05434782608695652
4 0.8119791666666667 0.29150197628458496 0.013020833333333334 0.06521739130434782
4 0.7630208333333334 0.2766798418972332 0.013541666666666667 0.06719367588932806
4 0.7203125 0.26383399209486164 0.0125 0.058300395256917
4 0.6765625 0.2440711462450593 0.0140625 0.058300395256917
0 0.034895833333333334 0.4041501976284585 0.0067708333333333336 0.015810276679841896
0 0.4984375 0.22332015810276679 0.004166666666666667 0.008893280632411068
3 0.7421875 0.29446640316205536 0.013020833333333334 0.05731225296442688
2 0.7463541666666667 0.28063241106719367 0.005208333333333333 0.014822134387351778
3 0.6427083333333333 0.2727272727272727 0.013020833333333334 0.05237154150197629
3 0.6567708333333333 0.34881422924901184 0.0171875 0.07707509881422925
3 0.6697916666666667 0.3685770750988142 0.022395833333333334 0.08596837944664032
3 0.5697916666666667 0.2608695652173913 0.009375 0.05237154150197629
3 0.5119791666666667 0.24802371541501977 0.014583333333333334 0.04841897233201581
3 0.47708333333333336 0.24308300395256918 0.0171875 0.044466403162055336
3 0.5145833333333333 0.30533596837944665 0.019791666666666666 0.0741106719367589
3 0.5005208333333333 0.3191699604743083 0.0171875 0.07213438735177866
3 0.4552083333333333 0.2756916996047431 0.014583333333333334 0.05533596837944664
3 0.440625 0.2816205533596838 0.011979166666666667 0.05533596837944664
3 0.36822916666666666 0.2391304347826087 0.0125 0.04743083003952569
3 0.3572916666666667 0.26383399209486164 0.0109375 0.05237154150197629
3 0.3729166666666667 0.2865612648221344 0.009895833333333333 0.06324110671936758