3 0.4817708333333333 0.4189723320158103 0.023958333333333335 0.14525691699604742
3 0.32083333333333336 0.3893280632411067 0.022395833333333334 0.116600790513834
3 0.10208333333333333 0.44466403162055335 0.034895833333333334 0.12845849802371542
3 0.540625 0.6195652173913043 0.0328125 0.18379446640316205
3 0.38958333333333334 0.3893280632411067 0.028645833333333332 0.11067193675889328
3 0.5927083333333333 0.6986166007905138 0.04114583333333333 0.22826086956521738
3 0.553125 0.23517786561264822 0.0140625 0.06521739130434782
3 0.471875 0.28952569169960474 0.020833333333333332 0.08794466403162056
3 0.35833333333333334 0.33300395256917 0.0203125 0.08695652173913043
3 0.4192708333333333 0.25592885375494073 0.0125 0.06818181818181818
3 0.14479166666666668 0.7569169960474308 0.06041666666666667 0.2519762845849802
3 0.4822916666666667 0.21936758893280633 0.013020833333333334 0.05928853754940711
3 0.365625 0.3231225296442688 0.018229166666666668 0.09189723320158102
0 0.8364583333333333 0.25395256916996045 0.0046875 0.010869565217391304
3 0.1765625 0.8181818181818182 0.07239583333333334 0.29150197628458496
0 0.7583333333333333 0.2075098814229249 0.0036458333333333334 0.008893280632411068
0 0.27395833333333336 0.25395256916996045 0.0046875 0.008893280632411068
0 0.3307291666666667 0.21146245059288538 0.003125 0.007905138339920948