3 0.6932291666666667 0.5049407114624506 0.030208333333333334 0.13932806324110672
3 0.828125 0.5879446640316206 0.030729166666666665 0.18181818181818182
3 0.21770833333333334 0.34782608695652173 0.0328125 0.09881422924901186
3 0.4453125 0.5069169960474308 0.046875 0.11363636363636363
3 0.44166666666666665 0.2964426877470356 0.021354166666666667 0.08201581027667984
4 0.07864583333333333 0.2756916996047431 0.017708333333333333 0.07905138339920949
4 0.8614583333333333 0.29150197628458496 0.016666666666666666 0.0800395256916996
3 0.5822916666666667 0.3310276679841897 0.016145833333333335 0.0958498023715415
4 0.1171875 0.2707509881422925 0.021875 0.07707509881422925
3 0.5208333333333334 0.32806324110671936 0.0171875 0.08695652173913043
4 0.0046875 0.2549407114624506 0.009375 0.06324110671936758
4 0.052083333333333336 0.28063241106719367 0.019270833333333334 0.07905138339920949
3 0.5390625 0.28063241106719367 0.016666666666666666 0.07213438735177866
3 0.4859375 0.3073122529644269 0.016666666666666666 0.08399209486166008
3 0.44375 0.4624505928853755 0.046875 0.09683794466403162
3 0.5015625 0.2598814229249012 0.013541666666666667 0.0691699604743083
3 0.5911458333333334 0.283596837944664 0.014583333333333334 0.07509881422924901
4 0.984375 0.3577075098814229 0.023958333333333335 0.08695652173913043
4 0.98125 0.31719367588932806 0.0234375 0.09980237154150198
3 0.5145833333333333 0.26383399209486164 0.013541666666666667 0.06521739130434782
4 0.046875 0.2994071146245059 0.017708333333333333 0.09090909090909091
1 0.10572916666666667 0.3201581027667984 0.00625 0.01383399209486166
3 0.496875 0.32806324110671936 0.0140625 0.09980237154150198
0 0.6427083333333333 0.17292490118577075 0.0036458333333333334 0.007905138339920948
0 0.328125 0.16897233201581027 0.0036458333333333334 0.00691699604743083
0 0.2947916666666667 0.19268774703557312 0.0036458333333333334 0.008893280632411068
2 0.4328125 0.4950592885375494 0.017708333333333333 0.016798418972332016
0 0.6755208333333333 0.1956521739130435 0.0036458333333333334 0.00691699604743083
1 0.8614583333333333 0.32608695652173914 0.0046875 0.011857707509881422