3 0.80625 0.39624505928853754 0.036458333333333336 0.11956521739130435
3 0.8755208333333333 0.4268774703557312 0.036458333333333336 0.12450592885375494
3 0.44947916666666665 0.2658102766798419 0.022916666666666665 0.08201581027667984
4 0.046875 0.2924901185770751 0.03177083333333333 0.08399209486166008
3 0.5291666666666667 0.3922924901185771 0.022395833333333334 0.12351778656126482
3 0.475 0.3883399209486166 0.021354166666666667 0.12351778656126482
4 0.010416666666666666 0.2974308300395257 0.020833333333333332 0.09189723320158102
4 0.9411458333333333 0.3201581027667984 0.021875 0.09189723320158102
3 0.3880208333333333 0.2658102766798419 0.022916666666666665 0.07312252964426877
3 0.540625 0.2875494071146245 0.019791666666666666 0.09387351778656126
3 0.6239583333333333 0.2509881422924901 0.013020833333333334 0.07015810276679842
3 0.5947916666666667 0.26877470355731226 0.023958333333333335 0.06620553359683795
3 0.5630208333333333 0.2648221343873518 0.025 0.06620553359683795
3 0.596875 0.21146245059288538 0.0171875 0.05138339920948617
3 0.5671875 0.2075098814229249 0.011458333333333333 0.044466403162055336
3 0.6083333333333333 0.22924901185770752 0.019270833333333334 0.06027667984189723
1 0.0375 0.35276679841897235 0.0067708333333333336 0.015810276679841896
0 0.28125 0.19861660079051383 0.0036458333333333334 0.008893280632411068
0 0.696875 0.20059288537549408 0.0036458333333333334 0.007905138339920948
0 0.6578125 0.17588932806324112 0.004166666666666667 0.00691699604743083
4 0.08697916666666666 0.24703557312252963 0.03125 0.017786561264822136
0 0.31979166666666664 0.17193675889328064 0.003125 0.00691699604743083
1 0.9416666666666667 0.3606719367588933 0.00625 0.014822134387351778
3 0.5921875 0.283596837944664 0.01875 0.07806324110671936