3 0.49166666666666664 0.41106719367588934 0.0296875 0.12845849802371542
3 0.9244791666666666 0.5296442687747036 0.034375 0.14723320158102768
3 0.7770833333333333 0.441699604743083 0.027604166666666666 0.1442687747035573
3 0.47604166666666664 0.25 0.016145833333333335 0.06719367588932806
3 0.571875 0.37648221343873517 0.022395833333333334 0.11264822134387352
3 0.659375 0.308300395256917 0.025520833333333333 0.08201581027667984
3 0.765625 0.3142292490118577 0.022395833333333334 0.08498023715415019
3 0.7083333333333334 0.30434782608695654 0.018229166666666668 0.09189723320158102
3 0.5520833333333334 0.30533596837944665 0.0203125 0.1007905138339921
4 0.9708333333333333 0.35968379446640314 0.025 0.1067193675889328
3 0.528125 0.2490118577075099 0.0171875 0.0741106719367589
3 0.6536458333333334 0.2519762845849802 0.013541666666666667 0.06818181818181818
3 0.5614583333333333 0.2015810276679842 0.011979166666666667 0.04841897233201581
3 0.59375 0.22628458498023715 0.013020833333333334 0.05731225296442688
3 0.6723958333333333 0.25395256916996045 0.013541666666666667 0.06719367588932806
0 0.24947916666666667 0.208498023715415 0.0036458333333333334 0.008893280632411068
0 0.29635416666666664 0.17885375494071146 0.0036458333333333334 0.00691699604743083
0 0.6536458333333334 0.1808300395256917 0.0036458333333333334 0.007905138339920948
0 0.69375 0.21047430830039526 0.0036458333333333334 0.008893280632411068
1 0.9723958333333333 0.40711462450592883 0.0067708333333333336 0.017786561264822136
2 0.6161458333333333 0.1650197628458498 0.007291666666666667 0.004940711462450593
4 0.021875 0.2658102766798419 0.036458333333333336 0.020750988142292492