3 0.6265625 0.7262845849802372 0.03333333333333333 0.11462450592885376
3 0.728125 0.5968379446640316 0.03125 0.0800395256916996
3 0.896875 0.7460474308300395 0.028645833333333332 0.11758893280632411
3 0.6322916666666667 0.4268774703557312 0.014583333333333334 0.05731225296442688
3 0.5734375 0.4950592885375494 0.0140625 0.07213438735177866
3 0.5427083333333333 0.508893280632411 0.017708333333333333 0.07608695652173914
3 0.5166666666666667 0.45849802371541504 0.016666666666666666 0.07213438735177866
3 0.503125 0.508893280632411 0.016666666666666666 0.06126482213438735
3 0.4921875 0.44565217391304346 0.013020833333333334 0.05731225296442688
3 0.490625 0.3468379446640316 0.009375 0.044466403162055336
3 0.44635416666666666 0.4515810276679842 0.0109375 0.06225296442687747
3 0.3671875 0.40217391304347827 0.011458333333333333 0.05138339920948617
4 0.9390625 0.4772727272727273 0.01875 0.06324110671936758
4 0.8994791666666667 0.48023715415019763 0.0296875 0.03359683794466403
4 0.9145833333333333 0.4061264822134387 0.0171875 0.05533596837944664
4 0.8359375 0.3310276679841897 0.008333333333333333 0.043478260869565216
4 0.030208333333333334 0.6304347826086957 0.021354166666666667 0.07608695652173914
4 0.09791666666666667 0.5503952569169961 0.017708333333333333 0.08399209486166008
4 0.1109375 0.5365612648221344 0.018229166666666668 0.07806324110671936
4 0.14791666666666667 0.4624505928853755 0.010416666666666666 0.07213438735177866
4 0.16614583333333333 0.4199604743083004 0.013020833333333334 0.036561264822134384
4 0.246875 0.3942687747035573 0.013020833333333334 0.058300395256917
4 0.3072916666666667 0.3310276679841897 0.008333333333333333 0.044466403162055336
1 0.815625 0.44466403162055335 0.005729166666666666 0.01383399209486166
1 0.2296875 0.45553359683794464 0.0067708333333333336 0.015810276679841896
0 0.3453125 0.30533596837944665 0.004166666666666667 0.008893280632411068
0 0.36875 0.274703557312253 0.0036458333333333334 0.008893280632411068
0 0.6489583333333333 0.2707509881422925 0.0036458333333333334 0.007905138339920948
0 0.6760416666666667 0.30237154150197626 0.0036458333333333334 0.008893280632411068