4 0.296875 0.2025691699604743 0.011979166666666667 0.07707509881422925
4 0.26927083333333335 0.22332015810276679 0.016666666666666666 0.08794466403162056
4 0.22135416666666666 0.24604743083003952 0.013541666666666667 0.08695652173913043
4 0.21614583333333334 0.2509881422924901 0.0171875 0.09683794466403162
4 0.20260416666666667 0.2381422924901186 0.015625 0.08300395256916997
4 0.18958333333333333 0.25889328063241107 0.019270833333333334 0.08300395256916997
4 0.12604166666666666 0.2766798418972332 0.0140625 0.09980237154150198
4 0.075 0.30335968379446643 0.028125 0.10276679841897234
4 0.0171875 0.32707509881422925 0.028645833333333332 0.12648221343873517
1 0.3880208333333333 0.21936758893280633 0.004166666666666667 0.011857707509881422
0 0.5671875 0.1383399209486166 0.003125 0.007905138339920948
0 0.6041666666666666 0.12055335968379446 0.003125 0.005928853754940711
0 0.940625 0.1324110671936759 0.003125 0.007905138339920948
0 0.9682291666666667 0.1551383399209486 0.0036458333333333334 0.007905138339920948
3 0.7723958333333333 0.1482213438735178 0.0203125 0.05632411067193676
2 0.7854166666666667 0.13932806324110672 0.005729166666666666 0.009881422924901186
3 0.8171875 0.1432806324110672 0.019791666666666666 0.043478260869565216
3 0.8817708333333333 0.15217391304347827 0.013020833333333334 0.044466403162055336
3 0.8942708333333333 0.26877470355731226 0.022395833333333334 0.08893280632411067
3 0.7552083333333334 0.17885375494071146 0.016145833333333335 0.06225296442687747
3 0.7296875 0.17588932806324112 0.0203125 0.06422924901185771
3 0.6145833333333334 0.15019762845849802 0.0125 0.04940711462450593
3 0.5776041666666667 0.1551383399209486 0.011458333333333333 0.04743083003952569
3 0.45625 0.2608695652173913 0.019791666666666666 0.09189723320158102
3 0.3729166666666667 0.24802371541501977 0.021875 0.07806324110671936
3 0.39947916666666666 0.2855731225296443 0.022395833333333334 0.1007905138339921
3 0.47604166666666664 0.3725296442687747 0.036458333333333336 0.12648221343873517
3 0.2421875 0.3142292490118577 0.034895833333333334 0.11462450592885376