4 0.40208333333333335 0.16699604743083005 0.009895833333333333 0.06324110671936758
4 0.4348958333333333 0.18478260869565216 0.017708333333333333 0.0691699604743083
4 0.45729166666666665 0.1907114624505929 0.015625 0.06521739130434782
4 0.46979166666666666 0.18478260869565216 0.011979166666666667 0.06521739130434782
4 0.4942708333333333 0.1966403162055336 0.015104166666666667 0.06521739130434782
4 0.5114583333333333 0.19466403162055335 0.015104166666666667 0.0741106719367589
4 0.534375 0.19960474308300397 0.013541666666666667 0.0691699604743083
4 0.5880208333333333 0.21541501976284586 0.01875 0.0691699604743083
4 0.6260416666666667 0.22430830039525693 0.016145833333333335 0.08498023715415019
4 0.81875 0.2727272727272727 0.022395833333333334 0.10375494071146245
4 0.8229166666666666 0.25889328063241107 0.022916666666666665 0.10177865612648221
0 0.09739583333333333 0.1225296442687747 0.003125 0.00691699604743083
0 0.14322916666666666 0.13537549407114624 0.0036458333333333334 0.00691699604743083
1 0.32916666666666666 0.18774703557312253 0.0046875 0.010869565217391304
3 0.11770833333333333 0.21936758893280633 0.015104166666666667 0.08102766798418973
3 0.23489583333333333 0.1857707509881423 0.016666666666666666 0.0741106719367589
3 0.13541666666666666 0.3201581027667984 0.04114583333333333 0.11363636363636363
3 0.29583333333333334 0.23616600790513834 0.0234375 0.07015810276679842
3 0.2984375 0.30237154150197626 0.029166666666666667 0.10573122529644269
3 0.39427083333333335 0.22332015810276679 0.016666666666666666 0.07213438735177866
3 0.7489583333333333 0.308300395256917 0.030729166666666665 0.10869565217391304
2 0.7427083333333333 0.33300395256917 0.016666666666666666 0.018774703557312252
3 0.7083333333333334 0.4841897233201581 0.03229166666666667 0.1600790513833992
3 0.5520833333333334 0.3784584980237154 0.043229166666666666 0.10474308300395258
3 0.5703125 0.48023715415019763 0.04479166666666667 0.1482213438735178
3 0.47239583333333335 0.4950592885375494 0.052083333333333336 0.16897233201581027
0 0.8010416666666667 0.3201581027667984 0.00625 0.015810276679841896