3 0.8713541666666667 0.5375494071146245 0.027083333333333334 0.10375494071146245
3 0.9833333333333333 0.5296442687747036 0.027083333333333334 0.11462450592885376
3 0.6453125 0.43774703557312256 0.021875 0.07806324110671936
3 0.659375 0.5098814229249012 0.019791666666666666 0.09486166007905138
3 0.39791666666666664 0.34881422924901184 0.015104166666666667 0.04841897233201581
3 0.44895833333333335 0.3557312252964427 0.013541666666666667 0.06225296442687747
4 0.7041666666666667 0.34782608695652173 0.0140625 0.06620553359683795
3 0.9869791666666666 0.4357707509881423 0.026041666666666668 0.07114624505928854
3 0.6927083333333334 0.4673913043478261 0.018229166666666668 0.08794466403162056
4 0.9552083333333333 0.4051383399209486 0.016666666666666666 0.06620553359683795
3 0.68125 0.49407114624505927 0.019791666666666666 0.09486166007905138
4 0.9255208333333333 0.40711462450592883 0.016666666666666666 0.06620553359683795
0 0.66875 0.3814229249011858 0.0046875 0.011857707509881422
0 0.4708333333333333 0.3349802371541502 0.004166666666666667 0.009881422924901186
4 0.9479166666666666 0.4189723320158103 0.022395833333333334 0.07015810276679842