4 0.21666666666666667 0.8023715415019763 0.04583333333333333 0.20454545454545456
3 0.8140625 0.5227272727272727 0.021875 0.11067193675889328
4 0.1625 0.6847826086956522 0.0328125 0.20059288537549408
3 0.6333333333333333 0.466403162055336 0.01875 0.09090909090909091
3 0.8854166666666666 0.567193675889328 0.026041666666666668 0.12351778656126482
3 0.8682291666666667 0.5296442687747036 0.023958333333333335 0.10375494071146245
3 0.55625 0.44565217391304346 0.01875 0.08201581027667984
4 0.14166666666666666 0.650197628458498 0.027083333333333334 0.1541501976284585
3 0.44375 0.40118577075098816 0.015104166666666667 0.07015810276679842
3 0.5333333333333333 0.43873517786561267 0.015625 0.07608695652173914
3 0.571875 0.3715415019762846 0.016145833333333335 0.06027667984189723
3 0.5223958333333333 0.37648221343873517 0.014583333333333334 0.07312252964426877
4 0.9713541666666666 0.3883399209486166 0.016666666666666666 0.07905138339920949
3 0.9947916666666666 0.44565217391304346 0.010416666666666666 0.08300395256916997
3 0.7354166666666667 0.40118577075098816 0.013020833333333334 0.07015810276679842
4 0.7135416666666666 0.34980237154150196 0.013541666666666667 0.06422924901185771
4 0.678125 0.34288537549407117 0.0140625 0.05039525691699605
4 0.9104166666666667 0.3922924901185771 0.015104166666666667 0.05928853754940711
4 0.834375 0.37648221343873517 0.013020833333333334 0.06719367588932806
4 0.825 0.3685770750988142 0.015104166666666667 0.06422924901185771
4 0.7291666666666666 0.3547430830039526 0.0125 0.058300395256917
4 0.75625 0.3547430830039526 0.011979166666666667 0.06324110671936758
4 0.6427083333333333 0.3349802371541502 0.0109375 0.05138339920948617
4 0.5515625 0.31126482213438733 0.010416666666666666 0.05434782608695652
0 0.3796875 0.30533596837944665 0.0036458333333333334 0.007905138339920948
3 0.28958333333333336 0.29545454545454547 0.0078125 0.045454545454545456
0 0.5208333333333334 0.33695652173913043 0.0046875 0.009881422924901186
3 0.28541666666666665 0.2964426877470356 0.010416666666666666 0.043478260869565216