3 0.12864583333333332 0.9100790513833992 0.042708333333333334 0.15612648221343872
3 0.4192708333333333 0.8132411067193676 0.0546875 0.12648221343873517
3 0.30885416666666665 0.6847826086956522 0.058333333333333334 0.10177865612648221
3 0.31354166666666666 0.45553359683794464 0.016666666666666666 0.06620553359683795
3 0.4630208333333333 0.5434782608695652 0.0265625 0.08102766798418973
3 0.5453125 0.5533596837944664 0.029166666666666667 0.06719367588932806
3 0.4786458333333333 0.4891304347826087 0.0140625 0.06620553359683795
3 0.5307291666666667 0.44565217391304346 0.0140625 0.05928853754940711
3 0.5046875 0.4535573122529644 0.015625 0.07015810276679842
3 0.509375 0.4505928853754941 0.0109375 0.05928853754940711
3 0.640625 0.42391304347826086 0.0109375 0.05039525691699605
3 0.5083333333333333 0.36264822134387353 0.0109375 0.04940711462450593
4 0.07708333333333334 0.4644268774703557 0.020833333333333332 0.06225296442687747
4 0.10052083333333334 0.4782608695652174 0.029166666666666667 0.03458498023715415
4 0.08541666666666667 0.4051383399209486 0.017708333333333333 0.05731225296442688
4 0.1640625 0.3300395256916996 0.009895833333333333 0.045454545454545456
4 0.6963541666666667 0.3339920948616601 0.009895833333333333 0.044466403162055336
4 0.7567708333333333 0.3952569169960474 0.011979166666666667 0.06225296442687747
4 0.8354166666666667 0.4189723320158103 0.011979166666666667 0.036561264822134384
4 0.8526041666666667 0.46047430830039526 0.009375 0.07509881422924901
4 0.8895833333333333 0.5355731225296443 0.023958333333333335 0.07509881422924901
4 0.9036458333333334 0.5484189723320159 0.015104166666666667 0.08498023715415019
4 0.9703125 0.6284584980237155 0.021354166666666667 0.07608695652173914
1 0.18489583333333334 0.44367588932806323 0.0046875 0.010869565217391304
1 0.7703125 0.4535573122529644 0.005729166666666666 0.01383399209486166
0 0.6546875 0.30434782608695654 0.004166666666666667 0.008893280632411068
0 0.63125 0.274703557312253 0.0046875 0.007905138339920948
0 0.3515625 0.2707509881422925 0.0036458333333333334 0.00691699604743083
0 0.32395833333333335 0.30138339920948615 0.0036458333333333334 0.007905138339920948