3 0.7786458333333334 0.6057312252964426 0.034375 0.12648221343873517
3 0.8260416666666667 0.6057312252964426 0.03697916666666667 0.12154150197628459
3 0.5 0.48616600790513836 0.025520833333333333 0.08992094861660078
3 0.6911458333333333 0.5009881422924901 0.029166666666666667 0.0958498023715415
3 0.7729166666666667 0.4288537549407115 0.024479166666666666 0.08300395256916997
3 0.39479166666666665 0.48023715415019763 0.019270833333333334 0.08695652173913043
3 0.6604166666666667 0.5118577075098815 0.027083333333333334 0.09881422924901186
3 0.6052083333333333 0.4061264822134387 0.022916666666666665 0.0691699604743083
3 0.8776041666666666 0.45454545454545453 0.017708333333333333 0.09090909090909091
3 0.190625 0.36363636363636365 0.021354166666666667 0.06126482213438735
3 0.53125 0.4140316205533597 0.016145833333333335 0.06818181818181818
3 0.43645833333333334 0.4268774703557312 0.024479166666666666 0.07707509881422925
3 0.378125 0.4357707509881423 0.0203125 0.07213438735177866
3 0.16510416666666666 0.3577075098814229 0.017708333333333333 0.06225296442687747
4 0.6682291666666667 0.36264822134387353 0.0125 0.06521739130434782
4 0.9739583333333334 0.41304347826086957 0.01875 0.07114624505928854
4 0.4630208333333333 0.3448616600790514 0.011458333333333333 0.06324110671936758
4 0.3020833333333333 0.31620553359683795 0.011458333333333333 0.0533596837944664
4 0.5583333333333333 0.3577075098814229 0.011979166666666667 0.06521739130434782
4 0.5510416666666667 0.35276679841897235 0.011458333333333333 0.06225296442687747
4 0.42604166666666665 0.33794466403162055 0.013020833333333334 0.04841897233201581
4 0.8052083333333333 0.36462450592885376 0.013020833333333334 0.044466403162055336
4 0.990625 0.41205533596837945 0.018229166666666668 0.06719367588932806
4 0.4947916666666667 0.3438735177865613 0.015104166666666667 0.058300395256917
4 0.3885416666666667 0.3339920948616601 0.0109375 0.04940711462450593
4 0.6192708333333333 0.3675889328063241 0.013541666666666667 0.05237154150197629
1 0.7338541666666667 0.41798418972332013 0.005208333333333333 0.012845849802371542
0 0.26979166666666665 0.34189723320158105 0.004166666666666667 0.009881422924901186
4 0.4515625 0.33794466403162055 0.011458333333333333 0.05434782608695652
0 0.49895833333333334 0.3804347826086957 0.005729166666666666 0.00691699604743083