3 0.6791666666666667 0.48023715415019763 0.03802083333333333 0.11264822134387352
3 0.6489583333333333 0.43280632411067194 0.03958333333333333 0.09881422924901186
4 0.0375 0.2974308300395257 0.022395833333333334 0.08695652173913043
4 0.007291666666666667 0.30533596837944665 0.0140625 0.08695652173913043
3 0.521875 0.3814229249011858 0.021354166666666667 0.1067193675889328
3 0.42239583333333336 0.3784584980237154 0.022916666666666665 0.11462450592885376
4 0.078125 0.2924901185770751 0.022395833333333334 0.08399209486166008
3 0.13020833333333334 0.41699604743083 0.043229166666666666 0.11067193675889328
3 0.4666666666666667 0.3241106719367589 0.019791666666666666 0.1007905138339921
3 0.1109375 0.43478260869565216 0.03333333333333333 0.1274703557312253
3 0.3645833333333333 0.35177865612648224 0.027083333333333334 0.08695652173913043
3 0.515625 0.26778656126482214 0.013020833333333334 0.06818181818181818
3 0.5260416666666666 0.3181818181818182 0.0171875 0.0691699604743083
3 0.38125 0.3468379446640316 0.022395833333333334 0.09683794466403162
3 0.453125 0.2776679841897233 0.019270833333333334 0.06027667984189723
4 0.9114583333333334 0.3191699604743083 0.01875 0.08794466403162056
1 0.06875 0.34782608695652173 0.0067708333333333336 0.016798418972332016
3 0.3854166666666667 0.2519762845849802 0.015625 0.06422924901185771
3 0.3802083333333333 0.24209486166007904 0.011979166666666667 0.06126482213438735
0 0.28854166666666664 0.20059288537549408 0.0036458333333333334 0.008893280632411068
0 0.6901041666666666 0.2025691699604743 0.004166666666666667 0.008893280632411068
0 0.653125 0.17687747035573123 0.0036458333333333334 0.00691699604743083
4 0.10520833333333333 0.24802371541501977 0.0265625 0.018774703557312252
0 0.3229166666666667 0.17391304347826086 0.0036458333333333334 0.00691699604743083
2 0.11197916666666667 0.39624505928853754 0.013020833333333334 0.019762845849802372
1 0.9109375 0.3567193675889328 0.005208333333333333 0.01383399209486166