3 0.865625 0.5365612648221344 0.05260416666666667 0.2015810276679842
3 0.36822916666666666 0.3952569169960474 0.034375 0.16205533596837945
3 0.6348958333333333 0.3142292490118577 0.025 0.14130434782608695
3 0.4583333333333333 0.31225296442687744 0.0234375 0.12450592885375494
3 0.7364583333333333 0.30533596837944665 0.023958333333333335 0.10276679841897234
3 0.4166666666666667 0.274703557312253 0.027604166666666666 0.10177865612648221
3 0.5125 0.2994071146245059 0.022916666666666665 0.09881422924901186
4 0.14166666666666666 0.1907114624505929 0.019270833333333334 0.0691699604743083
4 0.059375 0.19861660079051383 0.018229166666666668 0.07114624505928854
4 0.00625 0.2519762845849802 0.011979166666666667 0.10276679841897234
4 0.07395833333333333 0.17687747035573123 0.013020833333333334 0.06225296442687747
4 0.11875 0.18774703557312253 0.0171875 0.06818181818181818
4 0.7973958333333333 0.1976284584980237 0.014583333333333334 0.07114624505928854
4 0.17604166666666668 0.18774703557312253 0.019791666666666666 0.06521739130434782
3 0.4234375 0.15612648221343872 0.010416666666666666 0.044466403162055336
3 0.5453125 0.16600790513833993 0.0125 0.0533596837944664
3 0.45 0.16798418972332016 0.0109375 0.05039525691699605
4 0.8828125 0.23616600790513834 0.017708333333333333 0.07707509881422925
3 0.4973958333333333 0.15810276679841898 0.009375 0.045454545454545456
4 0.8994791666666667 0.25790513833992096 0.027083333333333334 0.037549407114624504
1 0.1703125 0.22035573122529645 0.00625 0.01383399209486166
3 0.5197916666666667 0.16996047430830039 0.011979166666666667 0.044466403162055336
4 0.8890625 0.2134387351778656 0.015104166666666667 0.08102766798418973
3 0.5291666666666667 0.15711462450592886 0.008333333333333333 0.04841897233201581
0 0.31302083333333336 0.15118577075098813 0.004166666666666667 0.007905138339920948
4 0.9072916666666667 0.23715415019762845 0.013541666666666667 0.07509881422924901
0 0.6583333333333333 0.15316205533596838 0.0036458333333333334 0.007905138339920948
0 0.6307291666666667 0.14031620553359683 0.0036458333333333334 0.007905138339920948