3 0.8614583333333333 0.4199604743083004 0.04114583333333333 0.11758893280632411
3 0.465625 0.4031620553359684 0.025520833333333333 0.12450592885375494
3 0.7947916666666667 0.3922924901185771 0.029166666666666667 0.11166007905138339
4 0.020833333333333332 0.29347826086956524 0.0265625 0.09090909090909091
3 0.5197916666666667 0.41205533596837945 0.0265625 0.11363636363636363
3 0.35520833333333335 0.2737154150197628 0.016145833333333335 0.08102766798418973
3 0.5796875 0.2826086956521739 0.022916666666666665 0.07509881422924901
4 0.9338541666666667 0.31521739130434784 0.021875 0.09189723320158102
3 0.5276041666666667 0.283596837944664 0.027083333333333334 0.08992094861660078
4 0.058333333333333334 0.2885375494071146 0.030729166666666665 0.08399209486166008
3 0.4203125 0.2737154150197628 0.020833333333333332 0.08201581027667984
3 0.6130208333333333 0.25889328063241107 0.016666666666666666 0.07213438735177866
3 0.5260416666666666 0.20454545454545456 0.013541666666666667 0.046442687747035576
3 0.5552083333333333 0.2075098814229249 0.0140625 0.05138339920948617
3 0.5479166666666667 0.2727272727272727 0.021354166666666667 0.07213438735177866
3 0.5979166666666667 0.24011857707509882 0.016145833333333335 0.06521739130434782
1 0.052083333333333336 0.3458498023715415 0.0067708333333333336 0.018774703557312252
3 0.534375 0.2628458498023715 0.019791666666666666 0.07213438735177866
0 0.28541666666666665 0.1976284584980237 0.0036458333333333334 0.008893280632411068
0 0.6572916666666667 0.17490118577075098 0.0036458333333333334 0.00691699604743083
0 0.6963541666666667 0.19960474308300397 0.0036458333333333334 0.007905138339920948
1 0.934375 0.3547430830039526 0.0067708333333333336 0.014822134387351778
4 0.09427083333333333 0.24604743083003952 0.0328125 0.017786561264822136
0 0.3223958333333333 0.17292490118577075 0.003125 0.005928853754940711