0 0.9921875 0.3695652173913043 0.005729166666666666 0.01383399209486166
0 0.2598958333333333 0.30039525691699603 0.0046875 0.011857707509881422
3 0.43697916666666664 0.2628458498023715 0.018229166666666668 0.058300395256917
2 0.49635416666666665 0.27964426877470355 0.007291666666666667 0.005928853754940711
3 0.48541666666666666 0.40019762845849804 0.0203125 0.09090909090909091
3 0.40989583333333335 0.42391304347826086 0.03177083333333333 0.09288537549407115
3 0.38229166666666664 0.4950592885375494 0.027083333333333334 0.11857707509881422
3 0.3645833333333333 0.4397233201581028 0.013020833333333334 0.09683794466403162
3 0.2864583333333333 0.3685770750988142 0.025 0.07905138339920949
3 0.2682291666666667 0.44960474308300397 0.019791666666666666 0.10177865612648221
3 0.27708333333333335 0.5079051383399209 0.03177083333333333 0.11561264822134387
3 0.2375 0.5098814229249012 0.03229166666666667 0.1067193675889328
3 0.15208333333333332 0.3952569169960474 0.0203125 0.1007905138339921
3 0.05416666666666667 0.39031620553359686 0.026041666666666668 0.08992094861660078
3 0.053125 0.7786561264822134 0.0515625 0.18873517786561264
3 0.0765625 0.7282608695652174 0.0671875 0.18280632411067194
3 0.020833333333333332 0.7233201581027668 0.04114583333333333 0.1956521739130435