4 0.4510416666666667 0.7776679841897233 0.04010416666666667 0.1432806324110672
4 0.21927083333333333 0.8715415019762845 0.0515625 0.16205533596837945
4 0.10625 0.8745059288537549 0.040625 0.16699604743083005
4 0.26666666666666666 0.2845849802371542 0.011458333333333333 0.05731225296442688
4 0.3536458333333333 0.2924901185770751 0.013020833333333334 0.0533596837944664
4 0.3765625 0.2924901185770751 0.0125 0.05237154150197629
4 0.403125 0.283596837944664 0.011458333333333333 0.04940711462450593
4 0.42083333333333334 0.29051383399209485 0.013020833333333334 0.04743083003952569
4 0.4317708333333333 0.2816205533596838 0.011979166666666667 0.0533596837944664
4 0.4635416666666667 0.2964426877470356 0.0203125 0.039525691699604744
4 0.5265625 0.29051383399209485 0.014583333333333334 0.0533596837944664
4 0.6291666666666667 0.2924901185770751 0.0109375 0.05533596837944664
4 0.6489583333333333 0.2875494071146245 0.0109375 0.05237154150197629
4 0.6734375 0.27964426877470355 0.011458333333333333 0.05632411067193676
1 0.18854166666666666 0.3231225296442688 0.0046875 0.009881422924901186
0 0.6942708333333333 0.3142292490118577 0.004166666666666667 0.009881422924901186
0 0.9375 0.31126482213438733 0.0046875 0.009881422924901186
3 0.3385416666666667 0.33893280632411066 0.013541666666666667 0.06521739130434782
2 0.32708333333333334 0.31620553359683795 0.009895833333333333 0.012845849802371542
3 0.30885416666666665 0.3705533596837945 0.014583333333333334 0.07015810276679842
3 0.3463541666666667 0.3794466403162055 0.016666666666666666 0.07905138339920949
3 0.4375 0.3705533596837945 0.021354166666666667 0.06225296442687747
3 0.3067708333333333 0.5721343873517787 0.033854166666666664 0.10770750988142293
3 0.6010416666666667 0.49703557312252966 0.0234375 0.08300395256916997
3 0.615625 0.36363636363636365 0.016145833333333335 0.07114624505928854
3 0.6067708333333334 0.40217391304347827 0.0234375 0.06719367588932806
3 0.6713541666666667 0.3942687747035573 0.016666666666666666 0.06422924901185771
3 0.6979166666666666 0.40217391304347827 0.015625 0.07114624505928854
3 0.8119791666666667 0.37450592885375494 0.015104166666666667 0.07015810276679842
3 0.8260416666666667 0.3942687747035573 0.014583333333333334 0.07213438735177866
3 0.8828125 0.37450592885375494 0.0171875 0.06620553359683795
3 0.9776041666666667 0.3883399209486166 0.01875 0.0691699604743083