4 0.9182291666666667 0.6877470355731226 0.05416666666666667 0.16304347826086957
3 0.43020833333333336 0.4614624505928854 0.020833333333333332 0.08498023715415019
4 0.8854166666666666 0.7747035573122529 0.036458333333333336 0.191699604743083
3 0.2864583333333333 0.5029644268774703 0.021875 0.09782608695652174
3 0.4708333333333333 0.4525691699604743 0.017708333333333333 0.07707509881422925
3 0.0171875 0.4505928853754941 0.028125 0.08893280632411067
3 0.5520833333333334 0.40711462450592883 0.016145833333333335 0.0741106719367589
4 0.07395833333333333 0.38636363636363635 0.0171875 0.07213438735177866
3 0.11458333333333333 0.5849802371541502 0.028645833333333332 0.1225296442687747
3 0.39895833333333336 0.3932806324110672 0.0140625 0.06422924901185771
3 0.47708333333333336 0.3883399209486166 0.014583333333333334 0.07015810276679842
3 0.14270833333333333 0.5345849802371542 0.0265625 0.10573122529644269
4 0.13229166666666667 0.3883399209486166 0.015625 0.05928853754940711
3 0.2734375 0.40810276679841895 0.01875 0.06719367588932806
3 0.134375 0.567193675889328 0.0296875 0.116600790513834
4 0.3489583333333333 0.3409090909090909 0.013541666666666667 0.05138339920948617
4 0.20052083333333334 0.3705533596837945 0.013541666666666667 0.0691699604743083
4 0.3885416666666667 0.3339920948616601 0.010416666666666666 0.0533596837944664
4 0.2109375 0.3675889328063241 0.014583333333333334 0.06719367588932806
3 0.7046875 0.30335968379446643 0.011458333333333333 0.05039525691699605
3 0.6875 0.30533596837944665 0.009895833333333333 0.046442687747035576
4 0.3072916666666667 0.35177865612648224 0.011979166666666667 0.06324110671936758
0 0.6395833333333333 0.30632411067193677 0.0036458333333333334 0.007905138339920948
4 0.4744791666666667 0.31126482213438733 0.011458333333333333 0.05138339920948617
4 0.26875 0.3557312252964427 0.013020833333333334 0.058300395256917
4 0.3145833333333333 0.3468379446640316 0.011979166666666667 0.06027667984189723
4 0.2791666666666667 0.35079051383399207 0.011979166666666667 0.0533596837944664
4 0.9223958333333333 0.6363636363636364 0.024479166666666666 0.1373517786561265
0 0.5046875 0.3359683794466403 0.0026041666666666665 0.008893280632411068