4 0.7302083333333333 0.2381422924901186 0.01875 0.07509881422924901
4 0.7369791666666666 0.2618577075098814 0.021354166666666667 0.1007905138339921
4 0.5411458333333333 0.23221343873517786 0.0234375 0.08596837944664032
4 0.4895833333333333 0.22727272727272727 0.017708333333333333 0.07213438735177866
4 0.4203125 0.21146245059288538 0.018229166666666668 0.07707509881422925
4 0.39166666666666666 0.20652173913043478 0.016666666666666666 0.07509881422924901
4 0.37552083333333336 0.208498023715415 0.016666666666666666 0.05731225296442688
4 0.35260416666666666 0.20553359683794467 0.014583333333333334 0.06521739130434782
4 0.33697916666666666 0.20948616600790515 0.0140625 0.07312252964426877
4 0.31875 0.20454545454545456 0.01875 0.07608695652173914
4 0.2546875 0.18774703557312253 0.015104166666666667 0.07015810276679842
0 0.728125 0.3073122529644269 0.005729166666666666 0.016798418972332016
3 0.7161458333333334 0.30138339920948615 0.026041666666666668 0.11067193675889328
3 0.5432291666666667 0.4278656126482213 0.028645833333333332 0.14723320158102768
3 0.5135416666666667 0.43280632411067194 0.03229166666666667 0.14525691699604742
3 0.46822916666666664 0.3409090909090909 0.028125 0.11264822134387352
3 0.4119791666666667 0.383399209486166 0.03697916666666667 0.15019762845849802
3 0.3765625 0.2440711462450593 0.0203125 0.0741106719367589
3 0.2755208333333333 0.20948616600790515 0.0125 0.08201581027667984
3 0.19322916666666667 0.30632411067193677 0.030208333333333334 0.11758893280632411
3 0.09635416666666667 0.2608695652173913 0.021875 0.08992094861660078
1 0.16614583333333333 0.21541501976284586 0.005208333333333333 0.010869565217391304