4 0.184375 0.7924901185770751 0.04583333333333333 0.19367588932806323
3 0.6489583333333333 0.4762845849802372 0.022916666666666665 0.0958498023715415
3 0.8213541666666667 0.5355731225296443 0.027083333333333334 0.10968379446640317
3 0.8770833333333333 0.5711462450592886 0.029166666666666667 0.1274703557312253
4 0.14010416666666667 0.6788537549407114 0.034375 0.191699604743083
3 0.9901041666666667 0.4426877470355731 0.019791666666666666 0.08794466403162056
3 0.7286458333333333 0.4031620553359684 0.019791666666666666 0.07015810276679842
3 0.4354166666666667 0.40019762845849804 0.016666666666666666 0.06620553359683795
4 0.9541666666666667 0.3883399209486166 0.016145833333333335 0.0741106719367589
4 0.12135416666666667 0.642292490118577 0.026041666666666668 0.15118577075098813
3 0.5520833333333334 0.44762845849802374 0.018229166666666668 0.08201581027667984
3 0.8625 0.5316205533596838 0.021875 0.1067193675889328
3 0.5791666666666667 0.3725296442687747 0.016145833333333335 0.06126482213438735
4 0.7546875 0.36462450592885376 0.013541666666666667 0.06521739130434782
3 0.5317708333333333 0.441699604743083 0.016666666666666666 0.07905138339920949
3 0.5166666666666667 0.3784584980237154 0.0140625 0.06818181818181818
4 0.8234375 0.37351778656126483 0.014583333333333334 0.07015810276679842
4 0.7171875 0.3557312252964427 0.0125 0.05928853754940711
4 0.8947916666666667 0.3893280632411067 0.016145833333333335 0.05731225296442688
4 0.671875 0.3448616600790514 0.0140625 0.0533596837944664
4 0.8125 0.3685770750988142 0.015104166666666667 0.06620553359683795
4 0.54375 0.3092885375494071 0.0109375 0.05237154150197629
4 0.7015625 0.3438735177865613 0.0125 0.058300395256917
4 0.7427083333333333 0.35276679841897235 0.0109375 0.05632411067193676
4 0.6296875 0.3339920948616601 0.010416666666666666 0.05138339920948617
3 0.284375 0.29545454545454547 0.0109375 0.05138339920948617
0 0.3723958333333333 0.30632411067193677 0.003125 0.007905138339920948
0 0.5114583333333333 0.3359683794466403 0.0046875 0.010869565217391304
3 0.29583333333333334 0.28952569169960474 0.0140625 0.05434782608695652