4 0.06041666666666667 0.6630434782608695 0.035416666666666666 0.1541501976284585
4 0.065625 0.7490118577075099 0.0484375 0.20059288537549408
4 0.1203125 0.5098814229249012 0.0265625 0.12154150197628459
4 0.14114583333333333 0.5286561264822134 0.022916666666666665 0.13438735177865613
4 0.0796875 0.3102766798418972 0.021354166666666667 0.08201581027667984
4 0.8640625 0.24802371541501977 0.016145833333333335 0.07015810276679842
4 0.9192708333333334 0.2776679841897233 0.013020833333333334 0.07213438735177866
4 0.9625 0.2974308300395257 0.0171875 0.08300395256916997
0 0.14479166666666668 0.35079051383399207 0.00625 0.015810276679841896
0 0.16302083333333334 0.25296442687747034 0.0046875 0.010869565217391304
0 0.6677083333333333 0.21541501976284586 0.0036458333333333334 0.009881422924901186
0 0.8171875 0.2766798418972332 0.0046875 0.010869565217391304
3 0.865625 0.2924901185770751 0.016666666666666666 0.07015810276679842
3 0.7880208333333333 0.2727272727272727 0.01875 0.06620553359683795
3 0.7765625 0.325098814229249 0.017708333333333333 0.08498023715415019
3 0.7598958333333333 0.32707509881422925 0.018229166666666668 0.08102766798418973
3 0.7166666666666667 0.23122529644268774 0.0109375 0.02766798418972332
3 0.6567708333333333 0.20454545454545456 0.010416666666666666 0.046442687747035576
3 0.6192708333333333 0.2015810276679842 0.0140625 0.04940711462450593
3 0.5161458333333333 0.23023715415019763 0.015625 0.05138339920948617
3 0.4828125 0.2519762845849802 0.0171875 0.06521739130434782
3 0.5703125 0.2391304347826087 0.011979166666666667 0.05731225296442688
3 0.5807291666666666 0.25395256916996045 0.013020833333333334 0.058300395256917
3 0.565625 0.2618577075098814 0.016666666666666666 0.05928853754940711
3 0.6125 0.29150197628458496 0.015104166666666667 0.07213438735177866
3 0.6442708333333333 0.29150197628458496 0.0140625 0.08102766798418973