0 0.29791666666666666 0.2885375494071146 0.004166666666666667 0.009881422924901186
3 0.6125 0.40217391304347827 0.01875 0.07806324110671936
3 0.5166666666666667 0.35968379446640314 0.019270833333333334 0.08399209486166008
3 0.4817708333333333 0.33893280632411066 0.015104166666666667 0.07312252964426877
3 0.4348958333333333 0.32806324110671936 0.019270833333333334 0.06422924901185771
3 0.5119791666666667 0.2885375494071146 0.017708333333333333 0.045454545454545456
3 0.5317708333333333 0.2865612648221344 0.015104166666666667 0.0533596837944664
2 0.5270833333333333 0.29051383399209485 0.0046875 0.01383399209486166
3 0.03177083333333333 0.5444664031620553 0.04010416666666667 0.11462450592885376
3 0.21145833333333333 0.4624505928853755 0.022395833333333334 0.09189723320158102
3 0.18333333333333332 0.3883399209486166 0.022395833333333334 0.07608695652173914
3 0.07135416666666666 0.3468379446640316 0.013020833333333334 0.06719367588932806
3 0.10104166666666667 0.3409090909090909 0.016666666666666666 0.06719367588932806
3 0.27239583333333334 0.3339920948616601 0.026041666666666668 0.06324110671936758
3 0.30833333333333335 0.29347826086956524 0.022916666666666665 0.045454545454545456
3 0.2911458333333333 0.2984189723320158 0.022916666666666665 0.0533596837944664
4 0.3984375 0.7460474308300395 0.04114583333333333 0.1482213438735178
4 0.6041666666666666 0.8330039525691699 0.05677083333333333 0.11363636363636363
4 0.7416666666666667 0.8804347826086957 0.042708333333333334 0.18379446640316205
4 0.8859375 0.8389328063241107 0.05 0.1442687747035573
4 0.9385416666666667 0.9258893280632411 0.09635416666666667 0.09782608695652174
4 0.9822916666666667 0.9169960474308301 0.035416666666666666 0.16600790513833993
4 0.7369791666666666 0.2737154150197628 0.011979166666666667 0.05928853754940711
4 0.6317708333333333 0.2756916996047431 0.0109375 0.05928853754940711
4 0.6192708333333333 0.2766798418972332 0.0109375 0.05434782608695652
4 0.59375 0.26679841897233203 0.011458333333333333 0.05237154150197629
4 0.575 0.2717391304347826 0.0109375 0.05138339920948617
4 0.5645833333333333 0.2658102766798419 0.010416666666666666 0.0533596837944664
4 0.46770833333333334 0.26679841897233203 0.0125 0.05632411067193676
4 0.4317708333333333 0.26976284584980237 0.011979166666666667 0.05731225296442688
4 0.3651041666666667 0.26383399209486164 0.008333333333333333 0.05138339920948617
4 0.32135416666666666 0.25592885375494073 0.0109375 0.05533596837944664
1 0.8166666666666667 0.3132411067193676 0.0046875 0.009881422924901186
0 0.0671875 0.28063241106719367 0.0046875 0.008893280632411068