3 0.5380208333333333 0.47134387351778656 0.022916666666666665 0.07509881422924901
3 0.6494791666666667 0.5029644268774703 0.015104166666666667 0.09387351778656126
2 0.790625 0.4575098814229249 0.007291666666666667 0.00691699604743083
3 0.7796875 0.466403162055336 0.022395833333333334 0.0800395256916996
3 0.7786458333333334 0.4298418972332016 0.019791666666666666 0.06027667984189723
3 0.8583333333333333 0.674901185770751 0.04479166666666667 0.09683794466403162
3 0.9583333333333334 0.66600790513834 0.023958333333333335 0.1067193675889328
3 0.90625 0.7579051383399209 0.03229166666666667 0.11561264822134387
3 0.9583333333333334 0.75 0.033854166666666664 0.09090909090909091
3 0.9515625 0.791501976284585 0.04010416666666667 0.12549407114624506
3 0.909375 0.8270750988142292 0.052083333333333336 0.14031620553359683
4 0.5859375 0.3132411067193676 0.008333333333333333 0.05632411067193676
4 0.6359375 0.3458498023715415 0.0109375 0.06324110671936758
4 0.6614583333333334 0.36363636363636365 0.016145833333333335 0.06324110671936758
4 0.6625 0.35375494071146246 0.013541666666666667 0.05731225296442688
4 0.6953125 0.3685770750988142 0.0125 0.05434782608695652
4 0.7135416666666666 0.3695652173913043 0.013020833333333334 0.06719367588932806
4 0.7046875 0.3547430830039526 0.011979166666666667 0.058300395256917
4 0.7505208333333333 0.3952569169960474 0.029166666666666667 0.046442687747035576
4 0.8760416666666667 0.4426877470355731 0.019270833333333334 0.07707509881422925
1 0.5125 0.32608695652173914 0.0046875 0.009881422924901186
0 0.28020833333333334 0.22826086956521738 0.003125 0.00691699604743083
0 0.22135416666666666 0.2025691699604743 0.0026041666666666665 0.007905138339920948